-13.469106 54.718685 392.760345
-13.404515 54.399921 391.599457
-13.347925 54.712231 393.491760
-13.284993 54.528408 394.064972
-13.226567 55.133556 391.817413
-13.120191 55.262737 392.449921
-12.971150 55.098419 394.193329
-12.946044 54.712536 395.097809
-12.904021 55.419136 393.422821
-12.855202 55.669323 392.114655
-12.762061 54.426960 395.946686
-12.651263 55.282085 395.000702
-12.647780 54.948238 391.294067
-12.590948 55.008503 395.645844
-12.544750 56.191730 392.530945
-12.512117 54.421692 396.788147
-12.508260 56.093433 391.547180
-12.454000 54.951843 396.295380
-12.402284 55.886013 394.091492
-12.383790 54.562572 391.726776
-12.301933 55.768505 394.660309
-12.187510 56.456371 392.996857
-12.149295 55.492378 395.748993
-12.097343 54.873199 397.090149
-12.058667 56.260284 394.389374
-12.025126 55.350563 396.653168
-12.031421 55.303108 391.396576
-11.950329 55.984051 395.522797
-11.945523 54.352425 397.955872
-11.966416 54.630554 392.114288
-11.930240 56.897030 391.772614
-11.835861 56.835274 393.310028
-11.779023 57.006886 392.331879
-11.760665 54.297787 392.593048
-11.718028 55.864746 396.190308
-11.704898 56.721260 394.293793
-11.596951 55.287422 397.508057
-11.570821 55.174629 392.063690
-11.521015 56.711670 395.020386
-11.496133 54.528332 398.796509
-11.514792 56.234646 391.065887
-11.477958 57.247223 392.840790
-11.217441 57.065308 394.610565
-11.207547 55.471523 397.942474
-11.228574 55.696320 391.852295
-11.174756 54.756805 393.046814
-11.186718 57.377682 391.594879
-11.109233 56.240326 396.993286
-11.135707 57.348328 393.822510
-11.064508 56.835793 395.918304
-11.078867 55.129700 392.531586
-11.002621 55.334377 398.521301
-11.046793 57.636047 392.747192
-10.968298 57.162281 395.252136
-10.887439 54.461018 399.751190
-10.861317 57.062305 390.902649
-10.810287 57.916389 392.069427
-10.751337 55.666847 392.411224
-10.727854 56.052395 391.893402
-10.632682 57.232235 395.745911
-10.625799 55.401180 399.131256
-10.656885 54.644863 393.953247
-10.605257 57.482159 394.854584
-10.581199 56.353283 397.947357
-10.624160 57.882656 393.669983
-10.621922 57.954754 392.893585
-10.578270 56.527279 391.453583
-10.477289 55.266754 393.229004
-10.412883 54.328003 400.496552
-10.395102 57.811916 394.458832
-10.326695 57.012630 396.892792
-10.349167 55.292450 399.688446
-10.388227 57.608479 391.376587
-10.218005 56.840923 397.567291
-10.301673 56.068096 392.542480
-10.251781 54.836548 394.357513
-10.176802 57.630615 395.860199
-10.201933 57.877449 395.027649
-10.146458 54.805744 400.364075
-10.068018 55.890987 399.307220
-10.125082 58.128162 391.655060
-10.017451 57.459198 396.397400
-10.087691 58.235542 392.918915
-9.984684 54.441559 394.791351
-10.005823 56.773964 391.847748
-9.953344 58.101910 394.242188
-9.803760 56.622173 398.755341
-9.851089 55.740273 393.689178
-9.724751 57.328674 397.445160
-9.782401 58.140602 394.802826
-9.740417 58.460224 393.724731
-9.748141 58.481262 392.007935
-9.692714 57.870461 391.001801
-9.581681 57.791340 396.491608
-9.628713 55.523151 394.174164
-9.581762 55.655312 400.406555
-9.563005 58.112404 395.593597
-9.545974 56.274067 393.287354
-9.475876 55.270912 394.768494
-9.440060 55.304260 400.895935
-9.434711 58.209347 391.500946
-9.341430 56.438240 399.697479
-9.383573 54.726326 401.351776
-9.338225 58.445148 394.838715
-9.302276 54.741119 395.205444
-9.261708 56.139709 400.200134
-9.209344 57.335766 398.273651
-9.307850 58.769207 392.327179
-9.304331 56.875465 392.345673
-9.289054 58.715717 393.116699
-9.180222 58.122883 396.231659
-9.256752 57.534145 391.487274
-9.171745 55.651917 394.516846
-9.158322 56.618874 393.033844
-9.096266 55.209053 401.359497
-9.098219 58.720058 394.131165
-9.034652 58.432198 395.343018
-8.972664 58.077332 397.083618
-8.952353 56.997005 399.310272
-8.895742 54.971478 401.890106
-8.859323 58.474262 395.895111
-8.801524 56.024963 400.978149
-8.809622 57.360237 392.266022
-8.790986 58.935616 393.395721
-8.719304 54.385578 402.249878
-8.750673 57.926052 391.447266
-8.686905 54.734322 395.842712
-8.666437 56.146576 394.405762
-8.671419 57.135315 392.831268
-8.560964 58.311073 396.627502
-8.565419 56.694027 400.305511
-8.615399 56.700630 393.752441
-8.493949 57.970551 397.882538
-8.573578 58.404236 391.614105
-8.514442 54.458015 396.323944
-8.509188 55.398373 401.802582
-8.495426 55.489925 395.397308
-8.422269 58.928783 394.757996
-8.319620 57.659565 398.812592
-8.268125 57.812263 391.924042
-8.264345 59.173908 393.337280
-8.193545 54.934021 396.068787
-8.138990 58.701679 396.377350
-8.188930 59.188000 392.440094
-8.084735 58.381935 397.192108
-8.170813 57.414772 392.736694
-8.038498 56.443035 401.133911
-7.953526 57.416256 399.857086
-8.037734 58.660194 391.728973
-7.992845 58.865566 395.792084
-8.004875 55.806183 395.277191
-7.998402 57.072968 393.751617
-7.891856 54.889034 402.491394
-7.837800 57.164753 400.368317
-7.899406 56.600281 394.542236
-7.848173 59.314148 393.999481
-7.768171 58.142799 391.846985
-7.677353 56.934071 400.934662
-7.730515 59.414856 392.786652
-7.596038 58.230618 398.310730
-7.639944 55.251690 396.158508
-7.585092 58.579140 397.459747
-7.612682 56.001595 401.846161
-7.604900 59.114422 395.343903
-7.606117 58.951351 392.001007
-7.602333 57.803028 392.899414
-7.530912 55.766842 395.723846
-7.462826 54.841358 396.662079
-7.467001 59.095253 396.109039
-7.408486 57.853310 399.417816
-7.478972 59.350307 394.698090
-7.446416 59.612682 393.278412
-7.268566 55.693550 402.455444
-7.250408 59.280140 392.307343
-7.245988 58.211514 392.453339
-7.163144 56.526062 401.712646
-7.132103 55.000305 402.972961
-7.093617 57.150440 400.949677
-7.107208 55.662483 396.253021
-7.163998 59.559864 393.980286
-7.066286 58.778900 397.438782
-7.123216 57.675903 393.584808
-7.089926 57.328823 394.054138
-6.984610 57.598064 400.332855
-6.957125 58.494019 398.352264
-7.031662 59.640766 392.777405
-6.985228 59.383358 395.485657
-6.968260 56.658169 395.174774
-6.903305 59.117683 396.655701
-6.901698 59.237434 396.034882
-6.862377 54.437866 397.307434
-6.808990 54.904675 396.965668
-6.868851 59.525299 394.830933
-6.755840 58.253376 399.272552
-6.765794 58.099495 393.219086
-6.756410 57.146759 394.502594
-6.738154 58.937408 392.089233
-6.667778 56.135983 402.410736
-6.708219 59.730915 393.509247
-6.663630 58.468544 392.550201
-6.612850 56.044922 396.101166
-6.562886 57.246380 401.210480
-6.565750 55.624737 396.504364
-6.529556 58.961353 397.405853
-6.349262 58.681072 398.363983
-6.321535 57.841030 400.373566
-6.303461 54.711090 403.519043
-6.289288 57.002350 401.809570
-6.247955 55.666382 403.004333
-6.295511 56.424294 395.771515
-6.278358 59.728176 394.772919
-6.155006 58.361397 399.391388
-6.228237 59.445007 392.425934
-6.220484 59.884632 393.937347
-6.150728 56.533779 402.310883
-6.113579 58.975979 397.876587
-6.192028 57.397980 394.651947
-6.117757 57.550945 401.039612
-6.155416 57.870827 394.071899
-6.014284 55.310333 397.151703
-6.018816 59.417278 396.683685
-6.025447 56.181282 396.347168
-5.965364 58.244045 393.528290
-5.924467 59.609272 395.716187
-5.807854 57.267971 401.533264
-5.781774 58.163300 400.224060
-5.860199 57.041939 395.411011
-5.723605 56.998775 402.109985
-5.744133 58.726643 392.581848
-5.753273 59.914753 394.652283
-5.678859 60.022621 393.788818
-5.564741 58.724934 399.067078
-5.551814 58.477886 399.565491
-5.587650 59.804379 395.247650
-5.481946 56.465302 402.604279
-5.456419 55.948788 403.053925
-5.452360 59.252499 397.403717
-5.453588 59.780426 392.958008
-5.448098 56.683777 396.040741
-5.400230 56.289272 396.461090
-5.307738 58.914398 398.309662
-5.323715 55.635262 397.201355
-5.286146 54.820442 403.956329
-5.227600 57.941101 400.767365
-5.198321 55.248024 397.615326
-5.183196 57.241322 401.856323
-5.181629 54.799755 398.019684
-5.234416 59.153240 392.526215
-5.231925 58.780964 393.124512
-5.147448 59.987061 394.853912
-5.050375 57.715076 401.244171
-5.120922 58.155670 394.285309
-5.030477 59.302002 397.956024
-4.993320 58.835949 398.932404
-5.002054 56.871868 402.368866
-4.974292 58.604534 399.569519
-5.045061 57.809723 394.798523
-5.033634 58.449520 393.772034
-5.028271 59.861294 395.847748
-5.005793 59.606739 396.816437
-4.954000 55.591805 403.484955
-5.019252 60.109406 393.665619
-4.875054 58.187824 400.356384
-4.921005 60.110226 394.344696
-4.811362 54.576752 404.175018
-4.865745 59.674740 392.811005
-4.795875 56.439877 402.809265
-4.797903 56.292164 396.696747
-4.785276 57.288616 395.682037
-4.619436 55.798187 397.129333
-4.610322 58.849171 393.370880
-4.544704 55.399445 397.710175
-4.510837 57.410522 401.889130
-4.493135 59.473763 397.897308
-4.539590 58.341957 394.070435
-4.418097 58.972897 399.098602
-4.353755 58.724884 399.595978
-4.444281 60.190857 393.900726
-4.349413 56.855854 402.541107
-4.404701 59.240444 392.775482
-4.338472 55.485962 403.637024
-4.398071 59.678894 396.882416
-4.315749 54.922688 403.992493
-4.245395 54.702126 398.274048
-4.194240 58.227535 400.763245
-4.134725 56.366268 402.967590
-4.209596 60.133095 395.005524
-4.122837 57.848091 401.270538
-4.175597 56.610779 396.569641
-4.179824 59.985592 395.614258
-4.014612 55.906635 403.354950
-4.095670 59.916370 393.368744
-4.000399 59.636745 397.452454
-3.946874 59.171600 398.656708
-3.941035 57.501324 401.791595
-4.009376 57.775463 395.147064
-3.961581 55.874905 397.345642
-3.999408 60.303558 394.312714
-3.984606 58.326881 394.432281
-3.906006 55.357983 397.797424
-3.791284 57.208942 402.293365
-3.789101 54.634590 404.230865
-3.770091 58.789692 399.576721
-3.761063 57.266338 395.905640
-3.772196 59.956470 396.185730
-3.682285 54.932037 398.287567
-3.664679 55.325329 403.830811
-3.650620 59.398468 398.095917
-3.617435 59.769238 396.925903
-3.565191 59.229839 392.948395
-3.503943 60.254345 394.638763
-3.471804 58.741474 393.802063
-3.370389 57.865582 401.272583
-3.354884 58.432373 400.506042
-3.306080 56.387554 403.060272
-3.283054 59.156837 398.859863
-3.352886 57.749409 395.498444
-3.323797 57.086636 396.296234
-3.281204 59.933186 396.521851
-3.204373 54.362049 398.856262
-3.091909 56.944519 402.487244
-3.162483 60.265858 394.187225
-3.155701 58.411854 394.457550
-3.103912 55.993164 397.461273
-3.130709 59.958862 393.428558
-3.041338 54.723183 404.255829
-3.022500 59.628704 397.553650
-2.937649 58.898506 399.485016
-3.011818 56.779430 396.656433
-3.016187 60.135109 395.370941
-2.944678 55.270821 398.145813
-2.802075 55.707649 403.623047
-2.801200 57.806454 401.492767
-2.750597 57.192505 396.213959
-2.633566 58.625813 400.059113
-2.623150 59.309986 398.298096
-2.692013 59.938519 396.448334
-2.546041 55.053333 404.044067
-2.612055 59.144665 393.209808
-2.568437 59.785427 397.093964
-2.502859 55.054592 398.467163
-2.524569 59.672211 393.291962
-2.396914 54.409016 398.894867
-2.370197 58.090588 400.921631
-2.473062 60.248817 394.261993
-2.301727 57.382423 401.973816
-2.394535 58.834072 393.626495
-2.252362 59.064037 399.057465
-2.162187 57.781532 401.547119
-2.267320 58.184113 394.929749
-2.138032 56.591381 402.832825
-2.208124 56.212490 397.459747
-2.148163 55.383022 398.164703
-2.145865 59.571880 397.802582
-2.137116 57.192249 396.269073
-2.111469 59.984280 393.757141
-2.093409 58.599640 394.074890
-1.948803 57.061146 402.419037
-2.072122 57.724117 395.494843
-1.936686 55.054798 404.045532
-2.041792 60.182735 394.813141
-1.990800 59.944435 396.522583
-1.876188 54.838917 398.620789
-1.806818 55.807087 403.464447
-1.860957 55.811825 397.845062
-1.865395 59.741882 397.156799
-1.877601 56.787342 396.796356
-1.702238 58.990425 399.242981
-1.686547 58.541302 400.284607
-1.728547 60.047249 395.951935
-1.620654 58.754391 399.766388
-1.539846 56.270172 403.126038
-1.565030 59.498577 397.819885
-1.474021 57.736523 401.435089
-1.575685 59.289833 393.247650
-1.373044 59.872021 393.836182
-1.209851 56.721607 402.510834
-1.212664 54.703060 404.063110
-1.256714 55.080139 398.446228
-1.238649 55.555336 398.062317
-1.146534 59.106686 399.068573
-1.236855 58.576656 394.088837
-1.081467 55.274323 403.799805
-1.061322 57.301876 401.856934
-1.084316 58.795483 399.576416
-1.160186 60.124397 394.254272
-1.128682 59.956928 396.099335
-1.139218 58.952179 393.403290
-1.123666 60.193665 394.793793
-1.036080 59.279064 398.544617
-1.107017 60.131268 395.530334
-1.117549 58.314205 394.653320
-0.971337 58.187115 400.655792
-0.959422 58.523598 400.103271
-1.013968 59.799232 397.003967
-0.983067 57.807972 395.369110
-0.854805 57.834835 401.185303
-0.930469 55.973713 397.795197
-0.877974 59.477844 397.982208
-0.880907 57.342129 396.065216
-0.858454 56.725006 396.932312
-0.670875 55.734344 403.288239
-0.689426 54.516632 398.919495
-0.575528 58.999584 399.035034
-0.468417 57.527687 401.566711
-0.610853 59.327587 393.391266
-0.473454 58.694729 399.556488
-0.538937 59.978363 395.999786
-0.553134 59.810066 393.800934
-0.374722 56.603710 402.510223
-0.502679 60.040901 394.360138
-0.392555 59.874722 396.551331
-0.285354 57.771065 401.019989
-0.283473 59.208221 398.591064
-0.323274 56.236645 397.438202
-0.230075 54.684032 403.879486
-0.273500 55.180218 398.457245
-0.354132 58.877705 393.668701
-0.200064 58.423092 400.024231
-0.252740 60.080746 395.471985
-0.231417 58.552959 394.252319
-0.084829 54.411007 398.990234
-0.174017 57.978424 395.156342
0.105645 56.186237 402.836151
0.097547 57.091846 401.817871
0.035063 59.464729 397.750610
0.049746 59.649593 397.187378
0.090897 58.960022 399.129608
0.065321 55.657356 397.957123
0.123322 58.176899 400.520050
0.156789 58.659054 399.640778
0.084916 60.058968 394.712311
0.102516 59.880280 395.951874
0.126100 57.221497 396.313080
0.151694 59.771240 394.145782
0.218398 56.100281 397.610077
0.203014 56.804180 396.888885
0.302027 59.784084 396.694061
0.306412 57.700039 395.547363
0.390385 59.167755 398.357635
0.474777 55.287518 403.371948
0.375047 60.030872 395.317230
0.470426 58.981819 393.651703
0.634910 55.745808 403.032898
0.574777 59.505093 397.543793
0.616592 54.717590 398.796661
0.528173 58.106331 394.994141
0.681237 55.156898 398.495972
0.742029 58.737446 399.408295
0.677507 58.493771 394.355835
0.810534 57.637371 401.071075
0.808465 54.387066 403.838165
0.766051 59.856178 395.940887
0.950127 56.369629 402.387848
0.838729 56.810211 396.754089
0.850833 59.919964 394.644562
0.870604 57.850574 395.370697
1.040045 54.953785 403.444336
0.968354 59.959820 395.319000
1.094945 57.260860 401.390472
1.086749 55.447155 398.205017
1.163487 56.814400 401.923584
1.181038 57.834339 400.565155
1.266420 54.559631 398.855621
1.181039 59.630474 394.049957
1.253074 59.525890 397.469879
1.355122 55.982800 402.600403
1.249685 57.485168 395.736511
1.263983 57.073669 396.390533
1.290829 55.843044 397.763123
1.317063 54.997261 398.462921
1.297700 59.761993 396.485016
1.386276 54.387604 403.609894
1.425547 55.497395 402.956482
1.389525 56.267498 397.263794
1.454271 58.296333 399.840851
1.464773 59.194439 398.209198
1.427511 59.941303 394.990601
1.494537 58.925789 398.709869
1.564175 54.993561 403.179382
1.503485 59.941738 395.534821
1.514686 58.705139 393.615112
1.718550 57.296364 401.191559
1.790900 56.308685 402.270966
1.716554 57.306622 396.020844
1.756269 57.772457 395.306458
1.892252 56.825214 401.549530
1.761564 58.315182 394.486115
1.796543 56.792492 396.576752
1.891067 54.789062 398.584198
1.932914 57.952236 400.249359
1.954563 55.949471 397.514374
1.970170 55.362923 398.063629
2.041293 59.192696 397.880707
2.109443 55.739437 402.625397
2.073744 58.525185 399.229706
1.996021 58.445190 393.307404
2.042116 59.779842 395.675629
2.166167 59.411438 397.064301
2.157395 59.605408 394.506348
2.286311 54.803242 403.205902
2.211699 57.959225 394.937225
2.233381 56.536419 396.841705
2.354220 57.159664 401.217163
2.400150 58.237988 399.606903
2.357093 57.405556 395.768982
2.444592 54.538979 398.640656
2.466846 54.995220 398.324158
2.545793 56.264992 402.058258
2.429349 59.047390 393.981262
2.521307 59.617504 396.146545
2.627228 57.337349 400.694153
2.651263 58.629993 398.968536
2.704007 55.736523 402.409637
2.657522 55.824158 397.490356
2.625914 58.135017 394.557465
2.660497 57.629829 395.265198
2.713898 59.070160 397.849243
2.746214 58.840557 398.342499
2.819148 58.275440 393.603210
2.952700 56.430519 401.662567
2.862571 56.313599 396.998047
2.905502 55.307442 397.920380
2.916820 56.867573 396.185699
3.004812 55.101448 402.639069
2.987600 58.205921 399.425537
3.076899 57.695240 400.191559
3.036127 59.476185 396.376587
3.034435 59.349026 394.457184
3.106838 54.740841 398.376465
3.112134 59.614857 395.352539
3.169245 58.477577 394.081146
3.258884 59.197662 397.187653
3.376367 58.718105 398.285370
3.362484 57.628235 395.046417
3.391598 59.387177 394.910461
3.405004 56.254303 396.811981
3.426955 55.498260 397.537170
3.547284 58.091595 399.186188
3.514040 58.064098 394.389954
3.615943 57.066833 400.655365
3.653856 56.325775 401.411652
3.612596 57.211658 395.555267
3.608646 59.063168 394.381256
3.618512 56.904335 396.068542
3.648408 59.212917 396.670746
3.700201 58.988850 397.466522
3.934610 57.624012 399.712463
3.995738 55.788380 401.805267
3.940259 55.813423 397.131714
3.964208 54.803524 397.935974
3.948669 59.322765 395.938934
3.954320 58.709389 393.936310
3.979052 59.231373 395.086273
4.068253 57.294170 400.146362
4.076808 58.162952 398.889832
4.127909 54.978596 402.238464
4.061308 58.199879 394.218079
4.124087 55.401447 397.454865
4.141985 58.721863 397.709869
4.190652 56.749195 396.084930
4.244658 57.762829 394.557831
4.304924 59.004650 394.642761
4.396370 55.992428 396.726593
4.466900 58.244820 398.464447
4.630331 56.660885 400.688202
4.578706 58.483032 397.949646
4.638245 55.618031 401.631439
4.602176 57.351055 395.005676
4.606645 56.932690 395.549316
4.658862 57.429501 399.547974
4.653425 57.986542 398.929169
4.651936 59.076557 395.996735
4.677278 58.819862 397.177368
4.767895 56.122944 401.125488
4.749319 57.121601 400.103149
4.820815 54.371277 402.358276
4.882130 55.288097 397.321442
4.888989 58.748653 394.509125
5.048262 58.166645 398.462860
5.055422 56.547676 395.913849
5.149391 56.431011 400.697815
5.106165 59.019672 395.419952
5.195646 54.718426 397.633575
5.200576 57.787121 398.845673
5.223153 58.319458 394.297699
5.270313 57.248257 399.616669
5.314954 55.545605 401.324768
5.304587 58.400185 397.555817
5.362610 56.674915 400.212616
5.387496 54.844757 401.769775
5.437240 55.945850 396.450378
5.448927 58.764919 396.427979
5.528392 56.012463 400.790070
5.476822 57.376667 394.765137
5.516096 55.411617 396.924316
5.527975 56.622627 395.538788
5.705694 54.839272 397.250366
5.665877 57.914856 398.434418
5.682537 58.491524 397.051941
5.756726 57.361401 399.203735
5.790373 58.789246 395.472382
5.888010 56.974499 399.753754
5.872234 55.932789 396.016510
5.931328 54.367950 397.531372
5.927384 56.996590 394.967926
5.938566 58.638699 394.968384
6.003969 54.751106 401.387939
6.038197 55.592720 400.893158
5.975120 58.670589 396.087463
6.034940 57.384029 394.422119
6.114403 55.066700 396.843292
6.082510 57.926453 397.967560
6.162774 56.455311 400.055756
6.169909 57.470100 398.693207
6.180910 58.277370 394.616852
6.272686 58.337452 396.855286
6.440562 55.707050 400.441711
6.406596 56.201080 395.783936
6.423543 58.555958 395.346039
6.516355 58.493160 395.912476
6.527212 57.981861 397.282196
6.567142 56.470531 399.574127
6.583669 55.242962 396.448456
6.652211 57.676922 394.360718
6.718875 54.737782 396.790405
6.750043 57.444733 398.425293
6.847545 56.858551 399.174255
6.871906 56.840137 394.665436
6.908246 55.062275 400.754425
6.888134 58.302578 395.140045
6.949613 57.706299 397.552887
6.997169 54.503693 401.097748
7.019238 55.678211 400.237885
6.999712 58.044434 396.844849
7.103745 58.002407 394.710999
7.105863 58.195564 396.078918
7.252292 54.940319 396.208618
7.249697 55.777016 395.489746
7.289340 57.331257 398.016815
7.309580 56.115211 395.030243
7.523862 57.742622 396.773407
7.541353 55.559975 399.995697
7.532482 56.847511 398.508148
7.555598 57.535778 394.568756
7.659159 58.050762 395.921356
7.709050 55.361988 395.457489
7.725742 54.368244 396.402771
7.758812 56.026791 399.248840
7.779388 57.916218 395.136597
7.809464 55.083576 400.111786
7.811406 56.433937 398.818665
7.904731 56.685913 394.467987
7.984981 54.304470 400.604401
8.086814 57.100094 397.518250
8.099521 55.707092 394.747681
8.180182 56.522114 398.303162
8.261584 54.778248 395.701233
8.365921 57.529964 396.315002
8.416853 57.508411 395.135559
8.542512 57.597927 395.676086
8.580502 57.079834 396.807404
8.706461 56.164368 394.498962
8.714042 54.369244 395.643829
8.718164 55.196899 399.245209
8.725640 54.333752 399.894989
8.740912 56.371765 397.904785
8.759697 56.828442 394.655487
8.769904 55.644123 398.799896
9.011693 56.650814 397.322144
9.048291 55.284542 394.750275
9.072352 55.861538 398.273621
9.174375 56.817066 396.725098
9.197295 54.675549 399.230103
9.235423 57.078163 395.762024
9.298353 55.976295 394.602112
9.305902 56.078999 397.687836
9.314596 56.487865 394.908936
9.482265 56.724262 396.169678
9.548474 55.527191 398.050598
9.580685 56.629528 394.383392
9.603785 56.242950 397.061432
9.695790 54.653320 398.852753
9.723488 55.040218 398.357880
9.756956 56.358593 396.489807
9.816559 56.431892 395.232300
10.020370 56.405445 395.962830
10.057817 55.693031 397.060516
10.114234 55.472992 394.750732
10.113654 55.363400 397.543945
10.146170 54.483143 394.734406
10.172206 56.026722 394.652496
10.173736 54.520985 398.286041
10.393409 56.066738 395.538239
10.506806 55.480042 396.719818
10.543178 55.717022 396.120697
10.568616 54.450714 397.804993
10.758667 54.663826 397.276978
10.895324 55.354839 395.700745
11.035115 54.642506 396.683319
11.066180 55.183155 394.888306
11.111776 54.817451 395.963226
11.370376 54.554585 394.991364
-13.919550 52.778858 393.660187
-13.821589 51.774075 394.321625
-13.834208 52.295166 394.583832
-13.820480 52.190968 393.121857
-13.826713 53.565395 393.318573
-13.704561 51.281635 395.062347
-13.747431 52.915291 394.642914
-13.674214 51.544018 395.665375
-13.626930 52.337990 395.515656
-13.675855 52.946484 392.229828
-13.544307 50.517963 395.052185
-13.693883 54.093166 393.177521
-13.529963 50.874958 395.787811
-13.525996 52.086914 393.900909
-13.578524 53.833637 391.946777
-13.569190 53.947414 393.949158
-13.422160 49.949505 396.058167
-13.470744 53.518764 395.300568
-13.398597 51.188068 396.393921
-13.361015 50.957249 394.714417
-13.467946 53.595577 392.535492
-13.331769 49.635765 396.901520
-13.355750 51.631855 393.552948
-13.348659 52.895794 396.310303
-13.358212 53.179592 395.796844
-13.247706 50.291939 395.592407
-13.281072 52.353279 396.506927
-13.265452 51.302650 397.059235
-13.346562 53.956417 394.944794
-13.204042 50.459846 397.154510
-13.093447 49.763706 395.287201
-13.081390 49.275082 395.854492
-13.079561 51.133114 394.150238
-13.127065 53.696918 396.069366
-13.070589 51.704872 397.465698
-13.056246 52.532436 397.044678
-13.039630 53.163540 396.705902
-12.971076 49.378052 397.595367
-13.042513 53.090759 392.275574
-12.934264 48.659363 397.632812
-12.901390 50.602356 394.729980
-12.931050 51.175579 397.958221
-12.962358 52.757977 392.794281
-12.861839 49.806622 398.149506
-12.864511 50.587090 398.209198
-12.782401 48.064674 396.910828
-12.781775 49.031090 398.261047
-12.734426 49.015575 396.495972
-12.818964 53.627399 396.970276
-12.815607 54.008186 396.498016
-12.757229 52.051739 393.487030
-12.757988 51.721638 398.181732
-12.694998 48.226452 398.132477
-12.675849 52.850300 397.725189
-12.698348 54.169201 392.095306
-12.601119 52.298565 398.312714
-12.606013 53.614510 392.439575
-12.526055 47.516502 398.002167
-12.529792 50.353210 398.811859
-12.496749 48.664974 398.824707
-12.499868 51.588177 398.793457
-12.424560 48.095657 397.492798
-12.394298 50.459267 394.978302
-12.483253 52.921612 393.180511
-12.375558 49.404404 395.663666
-12.408404 47.375248 397.222015
-12.426047 51.952930 394.059296
-12.434768 53.989368 397.329926
-12.375028 50.773724 399.204437
-12.353811 49.111504 399.183563
-12.330390 49.963245 399.205841
-12.332597 52.517223 398.785583
-12.244663 48.860119 396.077545
-12.267238 46.892227 398.105194
-12.244064 51.471844 394.562408
-12.222430 47.629066 399.055267
-12.196124 49.541924 399.611847
-12.206181 47.137859 398.667297
-12.139817 53.471363 398.643494
-12.054852 46.724873 397.529480
-12.091342 52.549488 394.206116
-12.105324 53.367634 393.181274
-11.956485 47.778484 396.745331
-11.983222 52.069397 399.618317
-11.924672 49.454933 396.111938
-11.976359 46.343365 398.501526
-11.904935 50.284229 395.658112
-11.897390 48.363983 396.332611
-11.935089 51.153191 399.792145
-11.889556 51.511730 395.066162
-11.858134 48.710617 399.893402
-11.855577 46.753059 399.208984
-11.824839 50.549297 400.066010
-11.811423 49.911552 400.169586
-11.808414 46.229710 397.821350
-11.779611 53.140656 394.027252
-11.788234 53.956280 393.077362
-11.778663 53.600605 393.591766
-11.728571 45.758823 398.275330
-11.679000 47.610760 399.986115
-11.641112 51.054104 400.297729
-11.630593 53.883808 398.992432
-11.576400 47.268398 397.218292
-11.528776 49.094215 400.475220
-11.554954 52.623482 394.798462
-11.469822 51.599415 400.472992
-11.482179 53.313892 399.679688
-11.464595 46.680073 399.843781
-11.418097 50.664005 396.029388
-11.438186 51.933228 395.417480
-11.395288 47.727386 396.885620
-11.386829 49.734917 396.369965
-11.423781 52.295574 400.282013
-11.398126 45.787613 397.702789
-11.396406 45.858582 399.357544
-11.327676 54.048290 393.504517
-11.216108 49.247112 396.648804
-11.193985 47.343822 400.554626
-11.190501 50.115509 400.840210
-11.100820 51.976192 400.860596
-11.069903 50.961880 401.008270
-11.085682 52.845387 400.607025
-11.027517 48.310860 397.015686
-10.980594 48.741459 401.134308
-10.987575 47.324570 397.194916
-10.977001 49.722775 401.212799
-10.968396 52.656036 395.392395
-10.993929 53.614681 394.577209
-10.910048 47.689209 400.959076
-10.911336 45.428795 397.922821
-10.910565 45.788464 400.142212
-10.863480 51.884388 395.934479
-10.837049 48.881710 397.027802
-10.844332 54.056606 400.165497
-10.818641 53.582600 400.524689
-10.767638 51.561047 401.261047
-10.745482 49.218792 401.422028
-10.733325 48.222610 401.270996
-10.749577 46.419949 400.644745
-10.714019 51.321072 396.339264
-10.663600 52.428555 401.195343
-10.646557 50.115723 396.964661
-10.656055 53.210571 401.060059
-10.597037 50.769711 396.784515
-10.611346 45.858032 400.629242
-10.599334 46.751492 397.499908
-10.483123 50.423409 401.715820
-10.445540 48.179798 401.790619
-10.492594 52.583569 396.033295
-10.472098 47.583096 397.444550
-10.450319 53.128307 395.628632
-10.401767 53.866158 400.867523
-10.348842 48.503780 397.539825
-10.325105 46.766396 401.480713
-10.294306 52.007122 396.395172
-10.210581 51.517769 402.041351
-10.254733 45.442970 397.795563
-10.251607 53.708973 395.378815
-10.208700 51.425697 396.730194
-10.190334 52.775581 401.755707
-10.173955 46.115601 401.207855
-10.181364 45.468777 400.887421
-10.119152 49.814663 397.494141
-10.054124 53.531891 401.477661
-10.033416 49.236568 397.661835
-10.019918 47.792263 397.811981
-9.944959 49.824642 402.375519
-9.976232 51.104000 397.201111
-9.961257 52.914867 396.205536
-9.948601 54.207649 401.284027
-9.939075 52.427944 396.632294
-9.929127 46.874577 397.892548
-9.843259 52.267666 402.217407
-9.815202 46.732800 401.962860
-9.786812 48.514786 402.355743
-9.834272 48.494926 398.006561
-9.761806 47.543892 402.301361
-9.797328 50.571003 397.526886
-9.681813 50.745476 402.645844
-9.636504 49.067806 402.648346
-9.658502 50.004269 397.731903
-9.528614 48.039650 402.606232
-9.551858 54.018398 401.782288
-9.563708 53.432869 396.230743
-9.473323 52.586311 402.638428
-9.478691 54.226894 395.747040
-9.460532 45.640602 401.767914
-9.488114 51.527798 397.285126
-9.478821 45.974567 398.081848
-9.416209 47.039371 402.470947
-9.465838 47.223892 398.214752
-9.442044 52.284901 396.995453
-9.286859 49.469162 402.987885
-9.316517 46.369110 402.342621
-9.262206 47.544350 402.699066
-9.333841 51.132816 397.689667
-9.244308 51.826214 402.894135
-9.309731 49.534988 398.179657
-9.200586 51.137047 403.087982
-9.199847 53.325184 402.384918
-9.141738 48.300159 402.992157
-9.118516 48.895321 403.056000
-9.164195 48.380360 398.453583
-9.017261 50.448185 403.178070
-9.050412 54.083374 396.154114
-8.997881 52.417957 403.047119
-9.010380 52.824429 397.073029
-8.996060 51.673733 397.566376
-8.883740 46.835960 402.844757
-8.975547 50.778942 398.006683
-8.959455 50.177803 398.177368
-8.888575 46.717079 398.532440
-8.820392 45.493839 402.514496
-8.808578 46.086971 402.780487
-8.770764 45.660213 398.344482
-8.755897 49.335052 398.518524
-8.691364 47.505363 398.725891
-8.624567 53.942425 396.561981
-8.634425 52.226570 397.632416
-8.618003 48.837284 398.805878
-8.491454 47.200756 403.307129
-8.564977 53.508003 396.950745
-8.509376 52.827076 403.135132
-8.445999 49.614864 403.664062
-8.401973 48.745052 403.636932
-8.460016 46.985210 398.789642
-8.387363 45.544395 402.899902
-8.302613 51.274837 403.655731
-8.421718 50.926922 398.274323
-8.231664 47.763340 403.571198
-8.278263 48.364868 398.967743
-8.177756 46.385620 403.323761
-8.188150 53.819771 402.785919
-8.048638 52.429806 403.571869
-8.099161 45.524117 398.705505
-8.058755 46.213100 398.920319
-8.104232 50.383076 398.688538
-7.988706 54.258923 396.853210
-8.057490 49.413460 399.070221
-7.925904 46.945866 403.631195
-7.871411 50.482719 404.042816
-7.916930 47.302868 399.166718
-7.822749 45.931019 403.293671
-7.934902 52.134285 398.123718
-7.769729 51.100670 404.087677
-7.739700 48.975090 404.149261
-7.834903 51.540962 398.460266
-7.663413 47.747585 404.024139
-7.639493 49.619671 404.194550
-7.668437 53.597115 403.255768
-7.710809 53.351532 397.533539
-7.593780 52.761566 398.112000
-7.532002 45.735619 398.958099
-7.412291 50.234760 404.290833
-7.432532 46.184582 403.747894
-7.464767 54.080608 397.195038
-7.408012 51.775551 404.066376
-7.374083 48.409519 404.211884
-7.391659 53.114544 403.745880
-7.370038 54.205471 403.287109
-7.434515 48.555119 399.434570
-7.462797 51.267029 398.865295
-7.372950 47.066158 399.264893
-7.341915 47.707249 399.373108
-7.193645 45.385845 403.610809
-7.309892 49.799744 399.372192
-7.148222 48.919544 404.390808
-7.190830 53.722084 397.719574
-6.988277 52.642384 404.075897
-6.974364 47.865894 404.319672
-7.107532 49.274746 399.584381
-6.955890 49.475315 404.436340
-6.947287 50.612217 404.437195
-7.067060 52.468781 398.517548
-7.064710 51.750805 398.812683
-7.014516 50.289989 399.233734
-6.833697 46.920563 404.146820
-7.003526 50.907391 399.162170
-6.871670 46.393219 399.354889
-6.803234 53.382843 403.971222
-6.711060 51.532185 404.457397
-6.788217 47.186874 399.512573
-6.675559 48.489971 404.496521
-6.629409 45.544708 404.022308
-6.550491 45.442841 399.219360
-6.619533 49.817223 399.615784
-6.409883 47.896847 404.591431
-6.418663 54.224117 403.807831
-6.310327 52.216702 404.435028
-6.282101 48.953056 404.739868
-6.271727 49.621384 404.835297
-6.430930 52.851723 398.755951
-6.372633 53.399166 398.412170
-6.432391 52.138103 398.949890
-6.356743 48.423962 399.749725
-6.235935 45.990837 404.325531
-6.371738 51.190266 399.242859
-6.139366 50.279671 404.805084
-6.334575 50.424057 399.536469
-6.237857 47.474945 399.696289
-6.133020 54.295124 397.883881
-5.999152 46.558956 404.616974
-5.943994 48.308254 404.799164
-5.951106 45.472527 399.399475
-5.910782 47.333191 404.644836
-5.873547 51.601543 404.814941
-5.892230 53.727150 404.266571
-5.841077 50.933205 404.831635
-5.914065 52.399311 399.059387
-5.914984 51.736755 399.298859
-5.773662 46.420040 399.785706
-5.805748 53.581818 398.513062
-5.679961 45.659325 404.519073
-5.741013 47.647869 399.916962
-5.575514 52.346706 404.743011
-5.747982 50.885155 399.606567
-5.501327 45.878265 399.530243
-5.609177 49.433178 399.921631
-5.380707 49.769665 405.079102
-5.388867 47.131981 404.943665
-5.362279 54.200935 404.165131
-5.504076 50.007458 399.855652
-5.314450 48.163322 404.786957
-5.437898 53.227718 398.904816
-5.354712 47.021923 399.821136
-5.456344 52.145382 399.350800
-5.229093 48.913509 404.848419
-5.302131 54.279854 398.326324
-5.348393 48.181038 399.937347
-5.206191 53.522644 404.544769
-5.207347 46.277653 399.771057
-5.106426 45.951786 404.588196
-5.042745 46.579655 404.950653
-4.984596 50.904701 405.091644
-5.084152 47.623344 400.041046
-4.984793 52.991421 404.760864
-4.836435 49.337200 405.178070
-4.817417 50.210140 405.188080
-4.920045 50.220654 399.962097
-4.725459 48.377731 405.174622
-4.837900 52.381237 399.386536
-4.669787 45.617912 404.913422
-4.657168 52.089813 405.005005
-4.796264 49.622723 399.997070
-4.647367 45.595135 399.715729
-4.710502 48.950958 400.103119
-4.542519 47.420723 405.216858
-4.579583 47.141273 399.977905
-4.463892 53.704296 404.622223
-4.478403 53.869473 398.844818
-4.371557 50.581264 405.209473
-4.476067 53.017494 399.328186
-4.508792 50.929623 399.939178
-4.393569 47.697777 400.240295
-4.280561 46.490784 405.148529
-4.300787 54.263447 404.401001
-4.328900 46.578457 400.022217
-4.253321 46.005619 404.850830
-4.159116 49.966228 405.318665
-4.306025 52.212006 399.634857
-4.220737 48.257141 400.356293
-4.078173 49.310543 405.373810
-4.018515 53.126198 404.812836
-3.999253 45.780872 399.838379
-3.951761 45.656540 405.238342
-3.896950 51.471264 405.068024
-4.025264 49.695900 400.200317
-3.922822 52.755562 399.494690
-3.753462 50.638500 405.285065
-3.687326 48.087948 405.427826
-3.678818 46.634365 405.323914
-3.691634 52.592419 405.047363
-3.636782 53.897614 404.658173
-3.678679 48.449543 400.359894
-3.527641 49.797291 405.442688
-3.525360 47.257217 405.378326
-3.506577 51.952038 405.165405
-3.601695 53.316273 399.427979
-3.497616 46.635670 400.257111
-3.461162 47.519283 400.294037
-3.484998 49.141273 400.322052
-3.436850 49.735409 400.280365
-3.299599 53.121071 404.899231
-3.400554 52.034126 399.844940
-3.221542 45.840294 405.341309
-3.164402 50.273098 405.408722
-3.201434 45.847328 400.070404
-3.129034 49.376324 405.475342
-3.113363 46.880943 405.481049
-3.072126 47.590546 405.237122
-3.221203 50.723244 400.228119
-3.189890 52.766033 399.668457
-3.028039 51.196228 405.091095
-3.004814 48.733280 405.497498
-3.089659 48.507305 400.449615
-2.992507 52.461090 405.047852
-2.849477 53.558533 404.741791
-2.821775 49.793880 405.237549
-2.774068 54.113564 404.482117
-2.776202 49.433285 400.480743
-2.696366 53.283955 399.528381
-2.616707 46.460541 405.178558
-2.588876 47.688919 405.540741
-2.609912 45.715008 400.215607
-2.609685 46.648758 400.294464
-2.652850 51.534344 400.152466
-2.556125 48.001514 400.468994
-2.530954 52.483852 399.911713
-2.336583 51.165241 405.258575
-2.248330 49.550205 405.526917
-2.233375 48.465847 405.293182
-2.234562 52.176399 404.890472
-2.176066 47.284077 405.307709
-2.251354 49.959328 400.370148
-2.192270 53.043781 399.785095
-2.117722 45.422962 405.409149
-2.174310 51.946880 400.082489
-2.086406 53.892750 404.548309
-2.065702 47.975826 405.568787
-2.132884 50.795776 400.358704
-2.078829 53.584412 399.458405
-2.107347 48.371216 400.600922
-2.106875 49.059410 400.509979
-1.897843 46.109570 405.216766
-1.877766 45.803505 400.309906
-1.818080 50.567146 405.343475
-1.815827 53.157398 404.835724
-1.754997 48.722668 405.568207
-1.749753 52.646534 399.973297
-1.737998 46.929432 400.465912
-1.581021 49.318039 405.293549
-1.606770 47.785198 400.558807
-1.546889 51.859669 400.135834
-1.490573 54.239437 404.358795
-1.457069 51.526997 405.181549
-1.473736 53.296711 399.644745
-1.419282 46.186928 400.384796
-1.376177 46.258778 405.529144
-1.391159 48.845764 400.501465
-1.297543 47.256420 405.624725
-1.260848 52.578072 404.950012
-1.308227 50.054420 400.490692
-1.287312 51.298134 400.358398
-1.175177 54.221767 399.130341
-1.158799 48.689087 405.587372
-1.151970 47.953617 405.514374
-1.173596 46.693237 400.506073
-1.152976 52.417072 399.940643
-1.136409 45.504253 400.276367
-0.954332 49.568565 405.481689
-0.969972 53.662231 399.387268
-0.880849 50.144176 405.429810
-0.828464 52.053749 404.819061
-0.826995 54.263241 404.244965
-0.822812 51.673805 400.145599
-0.776745 53.226147 404.730072
-0.797874 49.272808 400.625824
-0.708026 53.147884 399.703522
-0.723427 47.135460 400.622223
-0.648827 48.566181 400.625458
-0.619141 50.960354 400.375366
-0.532323 52.418018 400.066132
-0.538633 45.906067 405.509491
-0.525311 48.195663 405.526672
-0.546019 47.862259 400.614716
-0.438844 51.344326 405.158844
-0.341563 47.170033 405.379272
-0.308769 50.022030 405.285950
-0.268716 52.462677 404.607513
-0.274210 46.152328 400.408112
-0.241558 51.873219 400.180389
-0.211310 46.524441 405.556641
-0.182701 53.855499 399.481354
-0.132174 49.647575 400.526886
-0.097138 50.653183 405.246460
-0.015250 45.423580 405.391113
0.011148 47.925522 405.528870
0.062748 52.986042 399.676331
0.062732 48.250664 400.679138
0.074417 47.028309 400.507812
0.095644 49.362980 405.357117
0.091837 48.933170 400.595184
0.123500 53.948376 404.190186
0.154853 53.389587 404.419830
0.191843 48.631744 405.458466
0.197007 45.381489 400.207886
0.235016 50.650734 400.357147
0.235503 52.354500 400.015564
0.263161 51.712322 404.893799
0.320245 51.609901 400.150574
0.338147 49.881920 405.252289
0.342840 46.374439 405.472198
0.361024 52.340023 404.779144
0.563232 54.220226 399.211639
0.652765 49.433147 400.603760
0.699802 48.082470 400.616302
0.739127 50.919930 404.994843
0.797375 47.464733 405.391724
0.825008 51.547607 404.824921
0.871602 50.891514 400.444916
0.873066 50.225830 405.160736
0.919720 52.777596 399.837158
0.964195 50.144115 400.436371
0.941759 47.517910 400.552429
0.977114 45.637360 400.236786
1.023836 52.043499 400.141449
1.010196 46.582146 405.378052
1.025645 52.723217 404.450104
1.051473 48.195713 405.277405
1.053008 45.524811 405.293793
1.067346 52.124798 404.622467
1.126287 49.173153 405.268402
1.158123 46.329586 400.387695
1.237407 53.656952 399.452148
1.275201 48.562244 400.555267
1.313865 50.619793 404.963470
1.340682 47.019989 400.487885
1.393905 51.327797 400.241699
1.411197 49.764935 400.499451
1.464593 48.020699 400.534424
1.464492 51.321815 404.734314
1.459823 46.186405 405.346619
1.514757 50.750271 400.436890
1.505868 53.401825 404.105286
1.582866 53.188862 399.616486
1.646087 51.960846 404.465057
1.756288 45.418949 400.165649
1.864173 49.693150 404.995361
1.867747 45.983440 400.267426
1.878874 47.382809 400.568665
1.942869 51.730526 400.047333
1.959209 50.403397 404.859467
2.077757 51.138157 400.268341
2.029146 47.904964 405.165497
2.050115 46.695675 405.216766
2.075872 51.137493 404.639984
2.080096 49.115593 405.003082
2.082186 48.522339 405.136658
2.127110 48.252319 400.503906
2.152084 46.755718 400.415955
2.208571 52.019447 404.340912
2.202641 54.249050 403.439697
2.245368 52.635937 404.124115
2.319394 52.576984 399.770569
2.371783 47.412666 405.067657
2.423631 47.703022 400.428680
2.481907 53.935604 399.049042
2.538649 48.699898 400.406799
2.502093 53.402401 403.874573
2.572730 51.615448 400.107758
2.543538 46.237011 400.261566
2.608676 49.455875 400.415863
2.574431 49.784843 404.772552
2.574793 48.070988 404.924713
2.632357 53.244045 399.371002
2.610584 50.385387 404.686096
2.680880 48.638020 404.962738
2.752613 50.044170 400.352020
2.723649 51.705776 404.256592
2.738752 51.043114 404.439789
2.823249 50.988880 400.225281
2.766971 45.901047 404.997955
2.833811 46.909439 405.016174
2.871556 52.429474 404.109070
2.932831 52.112518 399.844391
3.016040 46.850883 400.271729
3.070883 45.796368 400.177704
3.084728 53.687744 403.411682
3.097852 48.990791 404.745453
3.140105 48.448433 400.389832
3.173830 50.314960 404.528839
3.262802 51.466976 399.965912
3.252783 53.006317 399.433350
3.350079 50.970276 404.239502
3.349906 54.194111 403.100586
3.430794 47.383850 400.343292
3.489206 50.875301 400.058746
3.444099 46.338898 400.248047
3.436076 46.927288 404.726715
3.452001 51.585213 404.077209
3.466658 47.994179 404.674042
3.525333 49.534657 400.226044
3.630771 51.989803 399.763519
3.600436 53.344849 403.433044
3.698324 53.946449 398.729126
3.669250 46.210690 404.685852
3.680940 49.569527 404.557800
3.703291 50.283810 404.273438
3.834678 51.395210 399.820618
3.782624 45.846607 400.094574
3.865833 48.455990 400.275452
3.862148 52.428303 403.596619
3.881538 54.247906 402.836700
3.940758 47.311199 404.514984
3.981638 50.807446 404.132538
4.001486 49.003475 404.388885
4.014577 46.503609 400.081726
4.079536 50.609818 400.031921
4.110853 49.925957 400.107910
4.087214 46.673851 404.552795
4.103839 45.385036 399.835663
4.118200 51.409767 403.910156
4.118850 53.626686 403.085632
4.207408 54.075447 398.448181
4.326519 52.535328 399.311676
4.370840 51.135128 399.836853
4.389383 47.915615 400.124176
4.389587 48.278263 404.386658
4.394714 49.985481 404.071289
4.446094 54.039417 402.642670
4.480327 46.949238 400.016571
4.470465 52.112507 403.456390
4.499868 49.315125 404.216492
4.558540 45.980824 399.956390
4.581798 47.289215 404.430267
4.685573 51.931324 399.454926
4.673594 52.625286 403.268768
4.772686 50.202179 399.950836
4.783824 53.310879 398.713257
4.756907 51.411327 403.519867
4.756002 46.111950 404.344574
4.868293 48.955120 399.945435
4.887363 51.315155 399.611328
5.050068 49.529739 399.916840
5.056159 46.681870 399.817719
5.113959 52.276638 399.220093
5.123669 48.414429 399.892120
5.109826 54.216675 398.005890
5.157091 50.792374 399.667847
5.117361 52.843884 402.879944
5.132302 52.271454 403.113892
5.173632 47.078663 404.153503
5.185470 50.789078 403.562469
5.203665 45.651150 399.657440
5.221202 49.275982 403.844696
5.343715 50.059128 399.669037
5.386760 47.196762 399.787109
5.414983 51.397926 399.353088
5.380683 46.186596 404.048798
5.399508 50.020321 403.673004
5.433817 51.539112 403.237762
5.506753 52.542866 398.827240
5.527868 46.265839 399.550873
5.513375 48.418545 403.942169
5.548025 53.772152 402.250610
5.646881 48.138664 399.691040
5.650145 52.689770 402.728210
5.736148 49.552185 399.664978
5.797204 50.931160 399.401062
5.891550 52.866066 398.539673
5.867142 52.015530 402.938660
5.886760 50.435822 403.333466
5.899943 53.211494 402.374451
5.970039 53.409309 398.162079
5.958511 45.663597 399.305298
5.940959 51.108570 403.112915
6.031231 49.060566 403.481323
6.086131 51.822029 398.947418
6.048660 46.535347 403.740875
6.074112 45.982056 403.682526
6.143941 51.244598 399.015045
6.110712 49.743725 403.311615
6.217718 46.446594 399.410400
6.216048 47.101860 403.594696
6.232124 48.062874 403.603912
6.255775 51.517048 402.849518
6.297729 50.299908 399.231995
6.321594 47.234779 399.380432
6.325593 48.664768 399.390961
6.329860 52.651638 402.408661
6.432815 50.274231 403.077118
6.475517 53.428528 397.735413
6.492496 54.245838 401.532379
6.661597 52.903194 397.986908
6.689548 49.416023 399.156677
6.714050 53.612606 401.742249
6.751405 48.297630 403.309692
6.777017 46.760834 399.201508
6.803207 52.406738 398.257660
6.800984 54.228176 397.129364
6.797992 52.333492 402.267059
6.834354 47.847851 399.230316
6.839844 45.490475 399.003632
6.847475 49.282093 403.061890
6.911921 53.698109 397.426605
6.902153 46.416363 403.251068
6.936855 51.850170 398.450592
6.935270 50.968246 402.615814
7.001367 50.846737 398.695953
7.002880 50.139297 398.865295
7.008444 47.312832 399.151459
7.064681 48.574261 399.030090
7.152601 47.464184 403.033447
7.197223 52.727978 397.779663
7.230303 53.388428 401.554810
7.256631 45.934277 402.979614
7.291249 52.138744 398.087280
7.252957 49.973465 402.625580
7.314995 46.239666 398.856598
7.372005 45.655842 398.754974
7.392378 51.443707 402.232880
7.464802 48.627625 402.764160
7.477161 46.976501 402.889282
7.507018 54.121773 400.985077
7.513216 48.817993 398.774506
7.541027 47.542233 398.840759
7.584705 53.780617 396.975098
7.644633 49.960728 398.508514
7.633140 51.989967 401.874207
7.677181 52.975002 397.399384
7.637337 50.299900 402.307953
7.655573 53.604828 401.227417
7.696380 51.662411 398.049500
7.662935 49.556438 402.538849
7.673072 47.596508 402.727386
7.674077 52.957100 401.449707
7.777604 46.785168 398.671783
7.787562 48.336250 398.591675
7.812318 52.292187 397.644684
7.838612 51.041458 398.076508
7.832409 45.657284 402.420319
7.855286 50.858986 402.064880
7.873075 48.151760 402.527771
7.931072 49.063183 398.453796
7.994704 50.347973 398.172211
8.011810 49.114826 402.388275
8.123458 45.734463 398.404907
8.210540 51.763424 397.660614
8.216070 52.930054 397.112091
8.188396 46.712261 402.389832
8.268584 50.528858 401.851624
8.274669 51.885548 401.553314
8.299113 53.426167 400.737396
8.320941 51.210232 397.793823
8.308149 51.096348 401.762787
8.387806 46.360554 398.294037
8.397334 49.435081 397.978119
8.400812 48.631680 402.154022
8.478621 48.237682 398.157654
8.477562 52.515175 401.160614
8.519852 46.985435 398.267761
8.556899 50.614651 397.634338
8.536613 47.797997 401.981323
8.576905 45.885872 401.793549
8.568347 49.584637 401.825714
8.683033 51.934120 397.199677
8.733133 45.621441 397.999664
8.765635 53.830151 396.099670
8.769194 51.248928 397.378967
8.812188 53.100544 400.502502
8.846840 46.888119 401.649078
8.875766 49.876125 397.743835
8.850974 51.748352 401.059998
8.972768 52.790680 396.544891
8.973170 52.355633 400.748596
9.020550 47.173817 397.843018
9.052301 48.588909 397.856079
9.064538 48.959541 401.579041
9.149512 53.950722 395.586151
9.123766 46.152313 397.742645
9.086421 51.044415 401.073395
9.167486 53.297077 396.094604
9.155253 45.680641 401.050934
9.230870 51.571026 396.994598
9.229491 50.792385 397.248596
9.239199 48.036865 401.387299
9.286463 49.437050 397.391022
9.321154 47.319820 401.302094
9.355211 46.721188 397.583527
9.327844 50.361179 401.123688
9.389945 53.610683 399.670654
9.399909 46.208927 400.981262
9.362882 51.815430 400.624115
9.388772 48.192142 397.557526
9.403748 46.165928 397.257111
9.380210 49.428555 401.260315
9.483572 52.286591 400.302094
9.529924 51.883087 396.609558
9.523462 50.033508 397.295898
9.575135 54.095367 395.129639
9.568995 52.826168 396.009216
9.576458 45.535187 397.443176
9.559562 47.357288 397.554047
9.621820 53.512890 395.549530
9.636556 48.644260 401.074677
9.636415 51.238811 400.604980
9.700040 47.031372 400.827881
9.725886 46.339104 397.827606
9.743985 52.982388 399.703186
9.724550 49.995998 400.874878
9.794740 45.771587 400.191498
9.773431 47.860004 400.846436
9.787368 51.712849 400.239471
9.855048 53.777905 399.084442
9.831024 49.414242 400.775848
9.902715 50.271763 396.874237
9.933555 52.102322 396.203857
9.930940 46.841835 397.474091
9.941474 48.988316 397.013519
10.075767 52.442867 395.724548
10.084352 45.639858 398.481049
10.098329 53.827137 394.839813
10.070424 50.823002 396.591614
10.043097 48.812016 400.620361
10.064198 48.316410 397.114105
10.084519 47.334255 400.388916
10.080620 49.701256 397.024261
10.177987 53.283783 395.248993
10.180286 51.602295 396.080414
10.212140 46.696514 399.963593
10.219184 48.134922 400.388641
10.232883 52.185108 399.653870
10.264573 45.906544 399.007660
10.226727 47.751095 396.900391
10.240768 47.279198 397.239258
10.248611 48.830608 396.233704
10.280260 50.483631 400.147156
10.289855 49.372013 400.198547
10.328518 46.376095 399.396698
10.311832 48.287441 396.517883
10.346675 46.349728 397.708344
10.417145 46.128506 398.377197
10.490855 53.873817 398.394592
10.453127 47.128925 399.693451
10.461390 47.653210 399.935883
10.506587 52.052204 395.526123
10.534804 53.000469 398.853668
10.540966 46.959850 397.641449
10.526865 48.728607 400.182678
10.585091 52.748043 395.324554
10.578949 49.086956 396.615479
10.589529 51.358662 399.570038
10.607317 49.817791 396.553558
10.621802 46.897717 399.161987
10.629561 50.599705 396.241669
10.656214 46.699257 398.158875
10.819273 47.541954 399.209137
10.827693 48.754837 399.648560
10.849556 48.186550 399.361267
10.861442 47.154400 398.599945
10.863465 48.431797 396.911957
10.932866 53.996735 395.014648
10.887126 47.445419 397.428009
10.917415 51.239452 395.665100
10.916472 49.848778 399.475464
10.964187 51.941444 398.837524
11.020494 52.760731 398.386963
11.073732 53.942806 397.405334
11.061100 52.267925 395.459869
11.110868 53.422585 395.055878
11.098711 47.766834 398.016296
11.116813 51.382679 398.726410
11.123474 48.337345 398.854218
11.246131 50.139946 398.969421
11.275833 50.137558 396.443207
11.273067 50.826504 398.780304
11.286831 50.670765 396.136200
11.369399 54.018993 396.718964
11.295183 49.269772 396.694092
11.369943 52.830688 395.350098
11.386837 53.254322 397.491241
11.341433 48.676266 398.349609
11.360553 49.275948 398.770203
11.385360 48.540348 397.223877
11.406296 51.720905 398.308319
11.438535 51.593555 395.756409
11.445454 52.358997 398.023285
11.492061 53.941841 395.175201
11.548592 54.055458 395.996918
11.638411 53.216255 396.913147
11.603699 49.661366 397.876099
11.604472 49.081966 397.533783
11.686706 50.543171 398.012024
11.681300 49.638836 397.288055
11.707293 49.861614 396.181000
11.740584 51.497219 397.568359
11.813149 53.242371 396.190430
11.837415 50.448933 396.372192
11.888628 50.442970 397.219574
11.932082 51.170525 396.447693
11.976995 52.664333 395.409424
11.955634 51.526466 396.926453
11.975911 52.282387 396.568665
12.001085 51.938171 395.526917
-11.307383 45.326168 398.693970
-10.878959 44.799088 398.926544
-10.824985 44.891518 398.091492
-10.656992 45.033085 399.859528
-10.537790 44.407009 399.388245
-10.375681 45.137745 400.389862
-10.334432 43.950695 398.954437
-10.237437 44.175747 399.928772
-10.064183 44.598320 400.458588
-9.889113 44.962997 401.017548
-9.835998 44.688068 397.957611
-9.742164 45.290817 397.988617
-9.672865 43.410084 399.152679
-9.660645 43.501465 399.727417
-9.625344 43.706814 400.298462
-9.440467 43.731552 398.514496
-9.452922 44.290096 401.161713
-9.370466 43.215172 400.202087
-9.359519 43.007889 399.630615
-9.229480 43.076294 398.993042
-9.116230 43.565163 397.969299
-9.060302 44.781788 401.959381
-8.980128 43.189400 398.415344
-8.970037 43.036335 400.673767
-8.955836 42.597897 399.407104
-8.922519 44.614243 398.001648
-8.864651 42.643837 398.777924
-8.722850 44.240063 401.833252
-8.659113 42.353653 399.929443
-8.541038 42.814259 401.009735
-8.502755 44.929871 402.510040
-8.463029 43.295677 401.549683
-8.424566 44.200134 398.327820
-8.422240 43.414814 398.126190
-8.357988 44.361786 402.300018
-8.338401 42.219280 399.170410
-8.254201 41.987614 400.124939
-8.092587 42.491356 401.226929
-8.051612 43.373688 402.068909
-7.953364 43.928822 402.433868
-7.915400 42.765091 398.344940
-7.804304 45.324127 403.249878
-7.828156 41.797222 400.671875
-7.804351 44.626793 398.597961
-7.693871 44.478329 403.053528
-7.756967 41.931484 398.768646
-7.725446 43.454636 398.312225
-7.703941 44.027710 398.472382
-7.629251 42.873116 402.019501
-7.633379 42.380337 401.601135
-7.587530 43.434967 402.472290
-7.491516 41.503872 399.328857
-7.407170 41.726158 401.198517
-7.363031 41.407146 400.436127
-7.253325 43.898067 402.994507
-7.228801 44.839973 398.835846
-7.224416 42.009823 401.778198
-7.176692 42.739998 402.451385
-7.232990 42.473003 398.497833
-7.210200 41.169064 399.854156
-7.209476 41.868687 398.595551
-7.150724 43.227280 398.365021
-7.020121 44.676311 403.574066
-6.999252 41.393978 398.866791
-6.931694 43.890858 398.668915
-6.914314 41.224148 400.983673
-6.850611 44.432205 398.833496
-6.838206 40.897945 400.360016
-6.691579 42.378551 402.520538
-6.703867 41.980602 402.112366
-6.672641 43.391678 403.158783
-6.630647 44.949032 403.971588
-6.690211 42.800152 398.409668
-6.520161 41.246990 401.599213
-6.558521 42.209652 398.300781
-6.499306 43.486839 398.623688
-6.529800 41.618656 398.461578
-6.476109 40.712494 399.841431
-6.368797 44.402466 403.850342
-6.401968 40.773300 401.026215
-6.296442 44.727825 399.064484
-6.317107 40.950603 399.069122
-6.272292 40.564545 400.369690
-6.079316 43.792019 403.788116
-6.112031 43.944702 398.848724
-6.130923 43.021938 398.551514
-6.061686 43.226589 403.490936
-6.031588 41.111835 402.030853
-5.951205 40.793549 401.519257
-5.989620 42.482384 398.441803
-5.860480 42.115372 403.015503
-5.869304 40.365711 399.923401
-5.768759 41.620312 402.625885
-5.716352 42.613979 403.391388
-5.745182 40.466297 400.940491
-5.775798 41.942791 398.390015
-5.644722 44.633327 404.411621
-5.590998 45.081081 399.309235
-5.632430 40.327152 399.368134
-5.522937 40.150055 400.425934
-5.510538 44.329964 399.115540
-5.537641 41.117214 398.434448
-5.463909 40.906765 402.094818
-5.368243 43.387730 404.032990
-5.358722 40.422344 401.517975
-5.301431 42.035423 403.203705
-5.345082 43.350334 398.730438
-5.327810 40.091087 399.813599
-5.239781 41.268387 402.682343
-5.208982 43.891773 404.336884
-5.264564 40.535179 398.824066
-5.170578 42.443199 403.659515
-5.078077 40.090477 400.975281
-5.056098 40.107128 399.266846
-5.049842 41.498688 398.283966
-4.974172 45.130260 399.474884
-4.840102 40.471981 402.041595
-4.896366 40.900616 398.449188
-4.806705 39.933842 400.282135
-4.700917 44.022366 404.626221
-4.739352 43.413074 398.888275
-4.660865 40.077148 401.533325
-4.612515 43.048264 404.226746
-4.664962 39.831543 399.672485
-4.662947 42.554619 398.573639
-4.576786 45.026909 404.658417
-4.554119 42.470280 403.901459
-4.525804 40.376980 398.582245
-4.436725 44.872368 399.433075
-4.410709 41.461433 403.267944
-4.402650 44.314205 399.366547
-4.391159 39.846508 400.908020
-4.336290 40.460369 402.480804
-4.288004 43.787132 399.170837
-4.212323 41.928593 403.746552
-4.285099 40.020832 399.169891
-4.182594 40.947079 402.976410
-4.227164 40.813534 398.186981
-4.055418 44.754204 405.020233
-4.106489 41.777695 398.368622
-4.071022 42.599564 398.658295
-4.001635 39.757130 401.473572
-3.885886 44.138527 404.713043
-3.896639 40.113712 398.470825
-3.813105 43.023708 404.610809
-3.800481 41.293449 398.318054
-3.794185 39.694237 399.135071
-3.716143 43.684689 399.203949
-3.714651 42.971783 398.962341
-3.671751 45.104450 399.688354
-3.681763 39.580261 400.076263
-3.586260 41.679043 403.957214
-3.615224 39.491604 400.865875
-3.552483 39.846119 401.956512
-3.477166 40.546024 398.312500
-3.452506 42.509014 398.731842
-3.389545 40.209057 402.527069
-3.337740 41.117764 403.596741
-3.300064 44.174667 405.100922
-3.210191 42.586529 404.689789
-3.227175 41.945347 398.590424
-3.175774 44.783489 399.811829
-3.153702 39.550335 401.563171
-3.170478 41.115253 398.239716
-3.063900 44.082478 399.521851
-3.031341 45.041866 404.987213
-3.022837 41.911434 404.276703
-2.956537 39.947216 402.250824
-2.955932 43.580608 399.356506
-2.957581 43.071976 399.160950
-2.889723 39.221382 400.877045
-2.885389 39.442253 399.935028
-2.893147 40.193928 398.447174
-2.789589 43.665150 405.092102
-2.725166 40.945019 403.621765
-2.689771 44.311195 405.033112
-2.647250 42.221802 404.582581
-2.595644 45.017841 399.912811
-2.650561 39.719341 398.902222
-2.504645 41.652821 404.270813
-2.490588 39.554916 401.979950
-2.474607 40.137676 402.723602
-2.465334 40.569538 403.269592
-2.520614 41.351650 398.406982
-2.499792 40.734516 398.194916
-2.319458 43.639740 399.451202
-2.313241 41.883537 398.638794
-2.227191 44.188274 399.659027
-2.202461 39.203163 401.125214
-2.162400 39.738182 402.432922
-2.134955 44.421902 405.326172
-2.096758 43.687283 405.235199
-2.078961 42.409428 404.825043
-2.066818 40.815723 403.627350
-2.003990 43.021072 405.046448
-2.038832 39.477169 399.134735
-1.955992 39.241554 400.460510
-1.960495 42.692348 399.058838
-1.871492 40.351208 403.193390
-1.860992 39.425880 401.743408
-1.910271 41.096832 398.398285
-1.914627 40.074329 398.345795
-1.796003 44.740948 400.047577
-1.842523 38.998898 399.846802
-1.703555 45.332146 400.169403
-1.703133 39.964191 402.706146
-1.708179 43.763279 399.693481
-1.678800 41.076504 403.988098
-1.709358 40.642632 398.197418
-1.621876 41.861172 404.541351
-1.615890 39.157566 401.185944
-1.548092 44.811420 405.333099
-1.421161 39.617603 402.198578
-1.398917 43.251148 405.128265
-1.414523 41.940414 398.686005
-1.367770 44.025822 405.272461
-1.394513 39.438278 399.484344
-1.395189 39.687862 398.900360
-1.364853 42.907158 399.365082
-1.280202 40.263744 403.178986
-1.251633 39.390514 401.591827
-1.220307 44.844757 400.099091
-1.211130 41.202923 398.393311
-1.153907 38.968620 399.906952
-1.040635 45.280964 405.441132
-1.025065 39.922928 402.774384
-1.048883 39.166485 401.004822
-1.027989 40.577412 398.288330
-0.975708 39.583797 398.482208
-0.910776 44.687084 405.393036
-0.918622 44.112144 399.803131
-0.908985 39.229111 400.396454
-0.772586 41.322178 404.263123
-0.769869 42.584110 404.883270
-0.753661 39.630566 402.199554
-0.757934 43.053387 399.469604
-0.758371 42.077782 398.941254
-0.766240 39.438801 399.272552
-0.718587 43.539753 405.236542
-0.689165 40.255592 403.199982
-0.685821 40.887230 403.900177
-0.644235 45.192883 400.194275
-0.634650 39.417797 401.541351
-0.570631 41.423107 398.549255
-0.420548 39.237961 400.966034
-0.436851 40.136299 398.415680
-0.413580 39.304390 399.802094
-0.325527 40.864643 398.342499
-0.215441 39.218094 400.379059
-0.173239 43.973114 399.837921
-0.022725 43.807598 405.253082
0.004377 44.865616 400.052246
-0.026111 41.964092 398.876617
0.042744 43.314941 399.550629
0.052998 39.396057 401.372192
0.045390 39.981873 398.728516
0.094836 42.382610 399.178314
0.123789 40.145813 402.911987
0.099656 39.441700 399.433807
0.169057 41.752922 404.475677
0.205822 44.405621 405.317139
0.252481 42.852871 404.943939
0.254302 39.403206 398.854248
0.322442 40.463898 398.339508
0.380728 39.277683 400.670135
0.429774 40.824551 403.696533
0.503245 39.704754 402.044281
0.533745 41.405899 398.570129
0.698572 45.047596 405.397308
0.682574 39.433502 401.205017
0.732449 41.411491 404.242981
0.785616 44.329269 399.943573
0.780105 43.374454 399.612793
0.814772 41.969273 404.596649
0.802051 42.206547 399.043030
0.795346 39.397995 399.929535
0.791272 39.636620 398.699951
0.826266 40.154831 398.374817
0.954081 40.200676 402.728729
0.962242 43.555969 405.110779
0.949446 39.339363 399.295959
0.999571 40.846096 398.418457
1.081034 42.481274 404.775116
1.103865 41.709011 398.725708
1.127507 42.730450 399.267212
1.233696 45.099209 400.083862
1.228740 44.184460 405.226746
1.267588 40.520565 403.178406
1.309499 43.687618 399.603638
1.428246 41.428043 404.130188
1.456938 39.869823 401.794769
1.468731 40.057728 402.319794
1.535630 44.833279 405.248413
1.500265 39.492878 400.792145
1.543604 39.671227 399.681793
1.588284 40.887920 398.448486
1.623822 40.966503 403.652954
1.635169 43.206532 399.418182
1.631818 42.065792 398.909729
1.662656 42.648628 404.786957
1.682911 39.875202 398.747864
1.858614 44.284760 399.869080
1.836746 41.980007 404.421417
1.926696 43.176823 404.823761
1.939141 40.451103 402.905792
1.958725 39.805294 401.494629
2.007383 45.339115 405.176758
2.082495 41.464214 403.923706
2.077822 40.184212 402.289642
2.136657 42.662331 399.083557
2.159806 43.855324 399.611450
2.154392 44.227932 405.015350
2.183412 41.581371 398.763275
2.231968 40.882923 403.417572
2.328173 44.897610 399.920380
2.407579 39.709175 399.193359
2.429976 39.739773 400.565063
2.481326 42.378036 404.448364
2.506277 43.288082 404.694794
2.516312 42.021736 398.885437
2.576792 40.118042 401.802948
2.658114 43.242733 399.277069
2.662694 41.280407 403.478729
2.681678 41.326534 398.571136
2.762122 39.932400 401.100983
2.767432 40.073414 399.625702
2.888798 42.138878 404.087616
2.910403 44.678017 404.928986
2.933867 43.995068 404.857422
2.947393 40.733124 402.602509
2.971330 40.377113 398.471283
3.035132 43.951820 399.538300
3.050297 42.805225 404.529175
3.087858 42.535797 399.033539
3.173801 44.766815 399.717316
3.171782 41.113724 403.153320
3.237585 40.575008 399.103333
3.266287 41.641823 403.591248
3.348376 45.168732 404.803802
3.316182 40.304935 401.582336
3.355986 39.863312 399.414154
3.391872 45.312183 399.946747
3.386113 40.011539 400.726166
3.420352 40.043182 400.094208
3.525224 44.542824 404.666840
3.543115 41.832916 398.729309
3.626117 42.883030 399.124969
3.606131 40.985226 398.575836
3.627048 42.349346 398.907928
3.644305 43.902946 404.508118
3.679047 42.802586 404.179382
3.826859 44.787865 399.718475
3.824609 40.570263 401.906860
3.911613 44.166500 399.478882
3.879730 41.802853 403.437012
3.871159 40.971325 402.462006
3.908048 40.371441 401.215515
3.936543 45.298897 404.634247
3.934190 40.215389 399.748047
3.997192 43.548145 399.277893
4.047018 43.382271 404.228851
4.057459 40.312138 400.549866
4.128576 41.405312 398.538422
4.182473 44.300858 404.386597
4.202253 40.430107 399.010895
4.204292 41.466091 402.915070
4.218184 42.295818 403.665497
4.417871 41.264088 402.347015
4.446779 40.707546 401.515686
4.497470 45.359787 404.483246
4.536807 43.689526 404.125916
4.570234 43.401600 399.011444
4.577609 42.009892 403.201599
4.641997 42.423664 398.720062
4.631237 40.571774 399.841400
4.695048 40.954903 399.138641
4.706666 45.283672 399.680267
4.767058 44.894325 404.256317
4.804952 41.393707 398.506592
4.845971 40.575882 400.359344
4.890895 44.693886 399.471039
4.868797 42.623634 403.471954
4.898196 44.198463 404.092834
4.896929 43.249409 403.800049
4.923787 41.217873 401.961517
5.001935 43.765854 399.045868
5.086942 41.934582 398.541656
5.105818 41.005920 401.318848
5.209995 40.857178 400.013153
5.308467 44.577740 403.842133
5.291101 41.992516 402.629333
5.386228 44.498501 399.221161
5.404036 40.790627 399.408813
5.446857 41.309116 399.009338
5.427789 43.162136 403.399048
5.454607 45.344166 403.941589
5.531508 43.004162 398.704590
5.559799 43.874363 403.648132
5.668974 42.318649 398.505524
5.674397 41.636650 398.527557
5.662696 41.214821 400.981384
5.663527 41.462795 401.591705
5.759669 42.824467 402.995758
5.822194 41.151596 399.945160
5.882954 44.912975 399.190704
5.884972 44.639050 403.601166
5.981544 43.385929 398.668060
5.992450 42.520039 402.545288
6.047274 41.692154 398.952118
6.071260 43.325882 403.045349
6.166231 43.940117 398.793671
6.212719 45.162228 403.442261
6.206031 41.443989 400.557922
6.235213 44.199261 403.230347
6.227378 41.659664 401.220490
6.285141 42.095058 401.775513
6.370861 42.098255 398.516083
6.402309 41.436714 399.889008
6.475884 45.047966 399.059540
6.469203 43.270901 402.589233
6.520048 41.733818 399.290192
6.743651 41.945515 400.808411
6.824663 43.232281 398.389496
6.920013 42.362476 398.705017
6.944626 45.364777 403.052460
7.005723 43.787868 398.541382
7.017941 44.275467 402.669800
7.132925 44.468124 398.581635
7.127853 42.074867 400.046844
7.113118 42.963844 401.693298
7.263973 43.921329 402.137268
7.303373 42.632122 400.910248
7.354749 43.432632 398.241211
7.360556 42.254539 399.375458
7.439870 42.881542 398.581390
7.423902 43.493652 401.737091
7.582344 44.984127 402.479095
7.705696 44.812065 398.358185
7.882163 43.758862 398.052582
7.876643 42.849987 400.339966
7.933497 42.687305 398.826416
7.975336 44.491356 401.780121
7.983425 43.743286 401.315308
8.210554 43.041470 398.263275
8.246402 45.213985 398.122101
8.240018 43.460056 400.626831
8.263144 43.035625 399.480316
8.390845 44.157890 397.812897
8.679865 43.655716 398.514038
8.688418 44.679142 401.076569
8.716728 43.916275 400.191620
8.721370 44.873066 397.811005
8.733200 44.523777 398.323212
8.822846 43.725864 399.340790
9.265253 44.441849 398.841278
9.266999 45.082436 397.676361
9.332740 44.816372 400.219849
9.464861 44.010067 398.085327
9.646967 44.567108 398.192871
9.788792 45.006584 399.346100
9.828673 45.098011 398.415009
