-13.473464 54.714657 392.757965
-13.412303 54.403652 391.596558
-13.351082 54.708138 393.490417
-13.290893 54.523365 394.066437
-13.229360 55.133827 391.813141
-13.125812 55.253181 392.445526
-12.975295 55.092266 394.193695
-12.952060 54.705860 395.098297
-12.911227 55.408447 393.417908
-12.856389 55.665066 392.107574
-12.762514 54.425770 395.948212
-12.658871 55.278057 395.000580
-12.648915 54.960224 391.291351
-12.597473 55.005390 395.646210
-12.552596 56.178467 392.518646
-12.516516 54.424740 396.788177
-12.507247 56.100262 391.539276
-12.454204 54.959541 396.293945
-12.416500 55.874866 394.087494
-12.384052 54.570690 391.725220
-12.315544 55.758625 394.657471
-12.202262 56.438240 392.983612
-12.162339 55.491451 395.747772
-12.100296 54.881008 397.089874
-12.081105 56.248169 394.383453
-12.026361 55.359730 396.650970
-12.028868 55.314125 391.394257
-11.974258 55.979572 395.518646
-11.961507 54.351776 397.960205
-11.962759 54.635799 392.114136
-11.921556 56.892689 391.761200
-11.850808 56.813656 393.298248
-11.771387 56.991879 392.316132
-11.756969 54.298450 392.593048
-11.736188 55.865795 396.187988
-11.732156 56.706001 394.284668
-11.601600 55.293911 397.509888
-11.566386 55.182411 392.063538
-11.556415 56.699684 395.012817
-11.499588 54.524902 398.799561
-11.510015 56.245514 391.065582
-11.474490 57.229713 392.824738
-11.248116 57.049885 394.601562
-11.212468 55.472645 397.946594
-11.219313 55.705151 391.851166
-11.171022 54.755066 393.047211
-11.171263 57.373852 391.588684
-11.124943 56.241421 396.991760
-11.146905 57.329098 393.810638
-11.106906 56.821815 395.910980
-11.071663 55.134224 392.532196
-11.012693 55.327328 398.532196
-11.024323 57.622601 392.729584
-11.009079 57.147655 395.244232
-10.896464 54.461720 399.759430
-10.852335 57.070820 390.904541
-10.780638 57.903778 392.056488
-10.738065 55.670834 392.410034
-10.714282 56.058117 391.893311
-10.676094 57.215221 395.738037
-10.632047 55.400520 399.145813
-10.656400 54.639015 393.952972
-10.635144 57.467793 394.844757
-10.584846 56.354988 397.956757
-10.617701 57.869728 393.657318
-10.591038 57.940853 392.875061
-10.564598 56.534058 391.455994
-10.467812 55.263020 393.228241
-10.408902 54.333279 400.500366
-10.409344 57.797890 394.447815
-10.363400 56.999207 396.893890
-10.355865 55.299988 399.705963
-10.374804 57.608498 391.375732
-10.237077 56.837978 397.577148
-10.283637 56.067261 392.541077
-10.256464 54.830788 394.358917
-10.212996 57.611866 395.854706
-10.222023 57.862530 395.016937
-10.139609 54.811398 400.375214
-10.073093 55.893959 399.327484
-10.102742 58.119873 391.649841
-10.057349 57.436764 396.394745
-10.046504 58.219006 392.899384
-9.984899 54.441628 394.792328
-9.987490 56.776600 391.850250
-9.945273 58.088501 394.228668
-9.808912 56.624752 398.776825
-9.838157 55.729561 393.685364
-9.750211 57.321785 397.458588
-9.784564 58.126740 394.791687
-9.706325 58.445240 393.706970
-9.715638 58.467163 391.997528
-9.678174 57.871288 391.005035
-9.607581 57.774868 396.497040
-9.624447 55.511086 394.172455
-9.569360 55.657154 400.424774
-9.572187 58.096821 395.589691
-9.518958 56.262024 393.284302
-9.481447 55.259468 394.768158
-9.424623 55.303902 400.904633
-9.414052 58.203480 391.499359
-9.346882 56.437538 399.724609
-9.377088 54.727142 401.350189
-9.322402 58.428108 394.825867
-9.308797 54.737038 395.204712
-9.255282 56.136837 400.225677
-9.220225 57.334499 398.298553
-9.264359 58.746944 392.312286
-9.281362 56.870098 392.347504
-9.233217 58.693920 393.096405
-9.189652 58.106136 396.236511
-9.239094 57.533039 391.490997
-9.168248 55.636425 394.514862
-9.126197 56.607708 393.031891
-9.080966 55.206276 401.361298
-9.051325 58.699856 394.110748
-9.020786 58.409340 395.334442
-8.985367 58.068550 397.100861
-8.960446 56.986385 399.335388
-8.892203 54.962597 401.893097
-8.847713 58.451630 395.895050
-8.779278 56.020008 400.996124
-8.786311 57.353756 392.268158
-8.728900 58.909687 393.375244
-8.724811 54.378193 402.250061
-8.725329 57.922981 391.450165
-8.699244 54.730415 395.841705
-8.650145 56.132240 394.400360
-8.640678 57.125072 392.831726
-8.558604 58.297207 396.642181
-8.561626 56.675575 400.330780
-8.576840 56.689880 393.746918
-8.500117 57.968861 397.904755
-8.541663 58.395611 391.612396
-8.523671 54.456604 396.324127
-8.494614 55.394207 401.807617
-8.504757 55.474361 395.397125
-8.363377 58.898987 394.739594
-8.328330 57.640148 398.841125
-8.238420 57.805420 391.926971
-8.190693 59.144753 393.316986
-8.211998 54.926643 396.070129
-8.102203 58.684265 396.387787
-8.132026 59.162212 392.426666
-8.075213 58.373756 397.214752
-8.141629 57.404915 392.739105
-8.019195 56.429420 401.155334
-7.960563 57.383278 399.882019
-8.001729 58.646603 391.724823
-7.936740 58.838264 395.788177
-7.998267 55.789318 395.275360
-7.953861 57.058590 393.744629
-7.891825 54.881264 402.497772
-7.836486 57.135303 400.390930
-7.863988 56.587189 394.535126
-7.764016 59.284359 393.976776
-7.731616 58.133961 391.847900
-7.669408 56.909725 400.957855
-7.656855 59.387554 392.769592
-7.595615 58.215870 398.333588
-7.659943 55.236889 396.160919
-7.562304 58.573689 397.483276
-7.598465 55.997772 401.855438
-7.525800 59.084908 395.330658
-7.561732 58.929359 391.994507
-7.565422 57.785187 392.897278
-7.530995 55.749317 395.725189
-7.487651 54.833504 396.663666
-7.394629 59.074768 396.113007
-7.424520 57.806385 399.444061
-7.388867 59.318245 394.678375
-7.354872 59.581825 393.257660
-7.271312 55.686096 402.462738
-7.193932 59.252968 392.298065
-7.206426 58.192303 392.450836
-7.155638 56.513996 401.724243
-7.137001 54.993073 402.979340
-7.096170 57.120556 400.969086
-7.120820 55.646664 396.255859
-7.062702 59.525295 393.957001
-7.025631 58.774288 397.461182
-7.078637 57.656582 393.580536
-7.041399 57.308502 394.047791
-6.996342 57.551979 400.353851
-6.952902 58.471493 398.370270
-6.949228 59.610279 392.762634
-6.888554 59.355633 395.471558
-6.925466 56.639893 395.166840
-6.826972 59.107014 396.669342
-6.811672 59.216396 396.033295
-6.876971 54.431133 397.304779
-6.831398 54.891582 396.964691
-6.765082 59.494427 394.809784
-6.780074 58.193615 399.297302
-6.718053 58.079327 393.215729
-6.702886 57.127239 394.495331
-6.692310 58.910480 392.084412
-6.675220 56.124317 402.415009
-6.607283 59.694336 393.487762
-6.618522 58.444527 392.546387
-6.598091 56.026245 396.100067
-6.573697 57.210785 401.225647
-6.572181 55.607758 396.505371
-6.467065 58.960262 397.425934
-6.334688 58.656879 398.379486
-6.341960 57.782948 400.389587
-6.305705 54.710934 403.516907
-6.308931 56.970440 401.815674
-6.259362 55.650951 403.006561
-6.254426 56.402477 395.764832
-6.162755 59.695229 394.749603
-6.183487 58.290264 399.411835
-6.159562 59.411335 392.418121
-6.110545 59.840717 393.912567
-6.168636 56.516273 402.310364
-6.062408 58.969646 397.893036
-6.127642 57.377041 394.645020
-6.139987 57.503357 401.051971
-6.089747 57.850098 394.066589
-6.022974 55.292194 397.150482
-5.909705 59.409027 396.693909
-5.994133 56.161335 396.343475
-5.902223 58.221870 393.525543
-5.804917 59.587708 395.704926
-5.841293 57.224556 401.541107
-5.816762 58.088326 400.234650
-5.791294 57.019161 395.399139
-5.754478 56.965450 402.108002
-5.684388 58.698456 392.578461
-5.630224 59.880432 394.629120
-5.569366 59.974331 393.763763
-5.571569 58.669685 399.081757
-5.580137 58.399940 399.579315
-5.458377 59.780964 395.230865
-5.512384 56.443066 402.600159
-5.480417 55.926785 403.051239
-5.358474 59.252991 397.417236
-5.368511 59.734932 392.944519
-5.383765 56.662800 396.030823
-5.351986 56.270229 396.452728
-5.259464 58.904140 398.318390
-5.308121 55.617775 397.200043
-5.291137 54.818420 403.951904
-5.270202 57.874828 400.767670
-5.197273 55.235104 397.616516
-5.230814 57.195278 401.857513
-5.184759 54.790005 398.023773
-5.165658 59.116695 392.520020
-5.159532 58.745480 393.118805
-5.014102 59.957409 394.833160
-5.097923 57.657742 401.246185
-5.041017 58.121368 394.275970
-4.953509 59.298248 397.965057
-4.979675 58.798611 398.941498
-5.046046 56.840157 402.361237
-4.996456 58.532711 399.577423
-4.962916 57.776398 394.787537
-4.957723 58.413082 393.765472
-4.877021 59.843445 395.840759
-4.865354 59.602406 396.825165
-4.976968 55.572765 403.481537
-4.904838 60.056286 393.640381
-4.916880 58.108337 400.354706
-4.788930 60.066322 394.320007
-4.818339 54.573086 404.171631
-4.780728 59.628246 392.797302
-4.832988 56.414497 402.801361
-4.742062 56.273937 396.686249
-4.702259 57.260174 395.667328
-4.582279 55.784901 397.123993
-4.529098 58.807384 393.361267
-4.530756 55.389362 397.711517
-4.569026 57.361397 401.888428
-4.403266 59.472450 397.901642
-4.455818 58.301037 394.061127
-4.401757 58.931286 399.102875
-4.370407 58.662983 399.596771
-4.310702 60.140636 393.875061
-4.402021 56.824982 402.530823
-4.324900 59.196320 392.764801
-4.365292 55.466427 403.632690
-4.240246 59.678539 396.887543
-4.332884 54.909260 403.989136
-4.232211 54.695496 398.281189
-4.245744 58.157326 400.751984
-4.176967 56.342052 402.958527
-4.051657 60.105225 394.987549
-4.174864 57.787636 401.266693
-4.096295 56.591103 396.557831
-4.011222 59.970398 395.607269
-4.049166 55.883900 403.348419
-3.974836 59.865211 393.349731
-3.869894 59.639503 397.456879
-3.901114 59.153664 398.656799
-3.997979 57.450336 401.785614
-3.913565 57.736073 395.134705
-3.914995 55.868359 397.340607
-3.840483 60.259979 394.286926
-3.886431 58.282887 394.418915
-3.878166 55.351101 397.797546
-3.851239 57.169674 402.282623
-3.795041 54.623196 404.230072
-3.777679 58.737293 399.571594
-3.660006 57.237179 395.894867
-3.587079 59.951107 396.183289
-3.659854 54.929890 398.294037
-3.682529 55.303394 403.824951
-3.563466 59.395271 398.094025
-3.443371 59.772438 396.927551
-3.459218 59.183361 392.937592
-3.332033 60.221981 394.617157
-3.361873 58.697079 393.790497
-3.422729 57.803833 401.259430
-3.400410 58.360481 400.487152
-3.357207 56.360413 403.047577
-3.247916 59.133881 398.855438
-3.237125 57.715908 395.487640
-3.215347 57.068737 396.288666
-3.092835 59.936714 396.521454
-3.182261 54.354126 398.863953
-3.148697 56.907299 402.470337
-2.986950 60.226917 394.163910
-3.034216 58.371132 394.443329
-3.032905 55.993679 397.457611
-2.977103 59.911587 393.411224
-3.046625 54.714657 404.253998
-2.886962 59.630074 397.553711
-2.937024 58.857250 399.472992
-2.903491 56.769794 396.649902
-2.827715 60.126392 395.362091
-2.898810 55.271290 398.147278
-2.833712 55.683819 403.610809
-2.863708 57.745190 401.473480
-2.628444 57.177803 396.210052
-2.658382 58.566799 400.037598
-2.546518 59.302052 398.284515
-2.500913 59.947029 396.447327
-2.558442 55.041409 404.037842
-2.473163 59.099159 393.198303
-2.398863 59.790474 397.093903
-2.464489 55.056545 398.470673
-2.366651 59.628090 393.280121
-2.369955 54.401974 398.899902
-2.427189 58.027710 400.897919
-2.277672 60.215271 394.241943
-2.369637 57.334389 401.948578
-2.251293 58.791531 393.616730
-2.233637 59.043591 399.043610
-2.235106 57.722656 401.523529
-2.116859 58.152294 394.918213
-2.202724 56.558208 402.815155
-2.120642 56.215046 397.456543
-2.094182 55.389656 398.166840
-2.029375 59.571358 397.794220
-1.998694 57.187222 396.267303
-1.923948 59.941566 393.740265
-1.940512 58.562054 394.065308
-2.012200 57.018940 402.396332
-1.917888 57.701973 395.488037
-1.954715 55.045361 404.038391
-1.832547 60.167286 394.796661
-1.802074 59.956738 396.522247
-1.842337 54.839275 398.625122
-1.842077 55.783211 403.448517
-1.792302 55.818115 397.846130
-1.703616 59.747475 397.154297
-1.755329 56.788857 396.792175
-1.699136 58.962688 399.222626
-1.716919 58.483212 400.251526
-1.529086 60.060375 395.950134
-1.636874 58.708607 399.740509
-1.596496 56.239605 403.109680
-1.455417 59.498592 397.808350
-1.544071 57.683010 401.407013
-1.402170 59.246761 393.238098
-1.171512 59.831020 393.820435
-1.272461 56.685017 402.491516
-1.222796 54.696148 404.060242
-1.221701 55.087433 398.451569
-1.184120 55.564297 398.068237
-1.142969 59.088806 399.044159
-1.057903 58.540272 394.079834
-1.102739 55.261505 403.789551
-1.136700 57.255413 401.830933
-1.100221 58.755116 399.549896
-0.942583 60.094929 394.235931
-0.934434 59.973701 396.097473
-0.957518 58.912739 393.394196
-0.900553 60.178955 394.778412
-1.000662 59.272560 398.521881
-0.892845 60.137276 395.523834
-0.938254 58.282131 394.642731
-1.013829 58.136227 400.619232
-0.984331 58.474556 400.066254
-0.853209 59.808468 396.998627
-0.810393 57.785774 395.362549
-0.918899 57.786102 401.154449
-0.858265 55.986004 397.799927
-0.795392 59.477192 397.963623
-0.722847 57.334148 396.061096
-0.735168 56.735798 396.931763
-0.706504 55.711445 403.273865
-0.684469 54.520954 398.927582
-0.572656 58.982574 399.010468
-0.544495 57.480621 401.534882
-0.409340 59.283760 393.379700
-0.487350 58.656441 399.529846
-0.339354 59.996407 395.997284
-0.338245 59.765827 393.785004
-0.439869 56.562557 402.491608
-0.280202 60.013607 394.343292
-0.218807 59.890900 396.548004
-0.345825 57.725994 400.985382
-0.260744 59.201183 398.569031
-0.228284 56.256317 397.440765
-0.239794 54.671089 403.878479
-0.251289 55.188519 398.464569
-0.153236 58.836803 393.657257
-0.232394 58.379433 399.988983
-0.035671 60.085915 395.462433
-0.032171 58.515972 394.240265
-0.089475 54.418468 398.997162
0.007399 57.953945 395.147430
0.052376 56.147228 402.821289
0.022583 57.050365 401.789154
0.124026 59.468227 397.732086
0.180355 59.661285 397.174286
0.086914 58.937557 399.105377
0.120675 55.671169 397.961456
0.072724 58.132549 400.480316
0.136329 58.621822 399.612305
0.304910 60.041939 394.696198
0.300234 59.898445 395.947357
0.273809 57.226601 396.308716
0.370400 59.734016 394.129089
0.299663 56.120739 397.611542
0.327087 56.825409 396.888062
0.457844 59.802040 396.686890
0.474893 57.683971 395.539398
0.426507 59.161976 398.335663
0.448800 55.265713 403.363647
0.586246 60.033943 395.302917
0.683812 58.936840 393.637451
0.595205 55.712490 403.020111
0.672737 59.507862 397.523560
0.616030 54.725117 398.804626
0.710830 58.079235 394.984131
0.697957 55.162708 398.501556
0.724832 58.708832 399.384308
0.875059 58.455647 394.343109
0.747987 57.599945 401.033295
0.798104 54.369465 403.837708
0.951976 59.876217 395.934052
0.892334 56.328274 402.371948
0.965650 56.835827 396.751099
1.062261 59.900013 394.627533
1.039350 57.830379 395.360931
1.027373 54.929516 403.439850
1.166616 59.965504 395.301361
1.026999 57.227596 401.357635
1.124197 55.458473 398.207764
1.094303 56.780678 401.899994
1.118565 57.799427 400.532074
1.264547 54.563995 398.860809
1.389130 59.589272 394.033478
1.347320 59.527138 397.447479
1.311429 55.946686 402.584930
1.403832 57.472260 395.727264
1.399172 57.088814 396.384399
1.365217 55.863239 397.762390
1.333568 55.004818 398.466278
1.449263 59.783161 396.474884
1.378954 54.367687 403.608459
1.396752 55.465801 402.947083
1.495134 56.292370 397.262665
1.407741 58.263912 399.812286
1.512392 59.187771 398.186920
1.625243 59.933662 394.970795
1.510389 58.916180 398.691864
1.551586 54.969067 403.176758
1.688836 59.953289 395.518402
1.719480 58.655560 393.600403
1.652242 57.268402 401.159790
1.735359 56.279510 402.253143
1.857690 57.307838 396.011932
1.918188 57.746059 395.296600
1.827366 56.802288 401.526001
1.945987 58.273895 394.473419
1.926555 56.812561 396.571838
1.901147 54.795712 398.584808
1.872037 57.923779 400.221405
2.040189 55.972218 397.509979
2.017538 55.377758 398.061676
2.104437 59.189861 397.857269
2.072397 55.711994 402.610107
2.059755 58.504955 399.209625
2.201622 58.384197 393.296112
2.214874 59.796337 395.659180
2.278654 59.423145 397.045624
2.348825 59.573822 394.489563
2.279461 54.785442 403.203644
2.378587 57.925354 394.925751
2.353078 56.559120 396.839142
2.286875 57.138184 401.189880
2.364247 58.217007 399.585297
2.500318 57.397633 395.759277
2.457579 54.546936 398.639374
2.494007 55.004742 398.320374
2.490482 56.249817 402.038239
2.619963 58.998089 393.964386
2.673353 59.640804 396.131897
2.563365 57.324970 400.664825
2.657776 58.615334 398.950317
2.666581 55.715973 402.391479
2.733414 55.843395 397.485809
2.800508 58.094208 394.544769
2.815827 57.606747 395.255096
2.777361 59.070759 397.827606
2.789192 58.834908 398.324799
3.010006 58.211864 393.590240
2.898299 56.420101 401.644135
2.966635 56.332069 396.994629
2.949996 55.319099 397.916138
3.047961 56.875252 396.179352
2.991417 55.089539 402.626648
2.972566 58.191936 399.406525
3.028136 57.685200 400.163055
3.180757 59.499493 396.362823
3.213653 59.314240 394.441254
3.129740 54.752014 398.371948
3.279205 59.629101 395.336212
3.352755 58.427990 394.066559
3.358347 59.207680 397.164948
3.422406 58.712341 398.268036
3.521795 57.604713 395.036743
3.560680 59.378223 394.896698
3.507524 56.263515 396.809418
3.485180 55.509106 397.532806
3.547404 58.087830 399.171753
3.688169 58.025219 394.377930
3.565298 57.069313 400.629486
3.602551 56.319592 401.389618
3.752784 57.203552 395.546448
3.784012 59.026997 394.367004
3.744533 56.908283 396.063812
3.775898 59.233437 396.655731
3.782348 58.994568 397.443329
3.908773 57.629208 399.694611
3.968617 55.783047 401.785828
4.014459 55.814312 397.128174
3.994828 54.807934 397.930054
4.098105 59.351318 395.926758
4.134755 58.661446 393.922485
4.140902 59.235279 395.074219
4.027021 57.300930 400.123993
4.091251 58.161617 398.873749
4.121717 54.979286 402.223419
4.231895 58.160366 394.206909
4.176764 55.401974 397.449005
4.215971 58.724316 397.687042
4.311447 56.744183 396.082214
4.404032 57.731991 394.548096
4.472322 58.985023 394.629791
4.484018 55.987720 396.723663
4.503057 58.245800 398.443512
4.580547 56.666237 400.664215
4.643020 58.483711 397.927032
4.615508 55.612988 401.612213
4.746442 57.330811 394.995636
4.738594 56.922352 395.543793
4.645671 57.436604 399.536163
4.668440 57.989979 398.912506
4.792095 59.104305 395.985901
4.769932 58.826454 397.155823
4.722496 56.120998 401.101318
4.706307 57.134010 400.084320
4.825824 54.374622 402.350952
4.923544 55.279797 397.315155
5.053190 58.726295 394.498230
5.087400 58.167873 398.442322
5.166580 56.537727 395.912598
5.095949 56.439522 400.677124
5.253044 59.033245 395.410919
5.214252 54.717739 397.628662
5.219867 57.795422 398.831512
5.383813 58.288349 394.286011
5.253488 57.258739 399.602936
5.280488 55.544308 401.308380
5.381050 58.400066 397.533783
5.318213 56.692635 400.198395
5.380299 54.844044 401.760773
5.509072 55.932434 396.447968
5.567194 58.776783 396.419464
5.471291 56.023891 400.772156
5.614363 57.355682 394.755005
5.554314 55.398346 396.919586
5.639789 56.611786 395.536804
5.721485 54.833881 397.246429
5.707025 57.918537 398.417084
5.773480 58.492184 397.035004
5.760840 57.378639 399.195099
5.928152 58.791103 395.466614
5.867687 56.989532 399.739563
5.945259 55.922596 396.014893
5.933166 54.372974 397.529755
6.049843 56.978741 394.960785
6.083385 58.630737 394.961578
5.994246 54.752419 401.381805
5.986934 55.599590 400.882660
6.092715 58.670795 396.081757
6.169324 57.356091 394.410522
6.132484 55.058285 396.840363
6.142896 57.926666 397.950989
6.122865 56.475716 400.047272
6.200472 57.484528 398.681091
6.322564 58.261768 394.608459
6.356759 58.337921 396.845367
6.381554 55.727123 400.437653
6.475567 56.190289 395.781830
6.546473 58.548267 395.342743
6.621961 58.482800 395.909180
6.588550 57.988018 397.271790
6.556801 56.492756 399.568604
6.603414 55.233410 396.446625
6.780303 57.650635 394.349274
6.714456 54.735298 396.788635
6.785760 57.458477 398.415649
6.854108 56.882992 399.169525
6.969592 56.825977 394.659760
6.873966 55.065956 400.754242
7.001474 58.293392 395.139435
6.991428 57.717968 397.545441
6.984472 54.504345 401.098663
6.967776 55.701244 400.237701
7.052752 58.051678 396.837433
7.220203 57.986713 394.705383
7.180661 58.183796 396.077118
7.257030 54.937653 396.208038
7.292479 55.773396 395.490784
7.318913 57.349037 398.013519
7.371141 56.110901 395.029266
7.558695 57.749249 396.769440
7.499761 55.586708 399.997589
7.543962 56.878223 398.506165
7.649350 57.517822 394.562836
7.716058 58.038074 395.920258
7.735196 55.357574 395.459137
7.716092 54.367958 396.403381
7.746386 56.058815 399.251892
7.858923 57.904053 395.137054
7.779980 55.101734 400.112518
7.807365 56.467415 398.821136
7.973494 56.678772 394.462616
7.976511 54.304165 400.607147
8.099193 57.124012 397.518677
8.145549 55.704296 394.746704
8.183676 56.551491 398.303040
8.262809 54.775890 395.701599
8.380016 57.526154 396.313812
8.466289 57.497414 395.132996
8.568710 57.588070 395.673462
8.584001 57.089825 396.810089
8.748176 56.161751 394.495453
8.709842 54.364807 395.643982
8.696644 55.214497 399.242889
8.721385 54.332516 399.894440
8.739882 56.402008 397.906219
8.798868 56.823391 394.650940
8.756484 55.669331 398.801117
9.003303 56.681232 397.325378
9.067020 55.278408 394.750122
9.066863 55.889523 398.275604
9.164718 56.830929 396.729919
9.179941 54.678799 399.231110
9.228152 57.074493 395.761322
9.315772 55.972652 394.598602
9.302204 56.110653 397.689453
9.321077 56.485058 394.905731
9.460076 56.730053 396.172211
9.541907 55.551266 398.051575
9.601777 56.627930 394.378021
9.590235 56.267406 397.063995
9.680282 54.655037 398.853729
9.713775 55.052868 398.358887
9.732699 56.370922 396.493164
9.799857 56.429901 395.229462
9.988792 56.414856 395.964264
10.049031 55.710133 397.062225
10.107334 55.467091 394.748108
10.108850 55.381863 397.541626
10.146079 54.478626 394.733002
10.165491 56.022350 394.648499
10.169665 54.522041 398.285370
10.359640 56.072231 395.536682
10.489583 55.493206 396.723145
10.512278 55.730030 396.122986
10.564120 54.457710 397.802216
10.751927 54.673481 397.276184
10.868045 55.361683 395.701385
11.025030 54.646809 396.685699
11.042434 55.184021 394.885345
11.096526 54.822571 395.966034
11.354873 54.558777 394.989471
-13.898391 52.791851 393.641632
-13.802505 51.802582 394.297821
-13.822090 52.318520 394.570221
-13.797549 52.214947 393.087677
-13.808766 53.570290 393.306854
-13.688545 51.325653 395.041656
-13.739043 52.931679 394.638550
-13.669066 51.588631 395.649506
-13.624756 52.369534 395.503326
-13.661629 52.953766 392.203003
-13.518085 50.578941 395.023346
-13.680857 54.094463 393.173737
-13.513486 50.934921 395.769684
-13.500954 52.107094 393.875214
-13.573352 53.835323 391.937012
-13.557772 53.952259 393.948364
-13.399356 50.029583 396.040192
-13.469419 53.528198 395.297577
-13.387959 51.248585 396.382172
-13.336101 51.003922 394.684052
-13.460411 53.599426 392.524445
-13.317710 49.719883 396.890839
-13.331937 51.662487 393.516937
-13.354271 52.922333 396.306732
-13.361719 53.196735 395.792816
-13.219058 50.362507 395.568512
-13.280153 52.388393 396.502319
-13.256714 51.367767 397.053040
-13.343430 53.958218 394.945251
-13.194110 50.538509 397.146484
-13.054708 49.839733 395.256714
-13.042598 49.356575 395.831604
-13.054236 51.173046 394.113831
-13.133965 53.709705 396.068085
-13.064143 51.762226 397.463806
-13.059453 52.571686 397.046478
-13.047442 53.190975 396.707916
-12.963155 49.455349 397.584564
-13.029370 53.095833 392.252808
-12.918258 48.732269 397.617767
-12.873024 50.655193 394.694153
-12.922948 51.238064 397.958527
-12.944121 52.768246 392.767883
-12.865379 49.889400 398.143127
-12.865531 50.657776 398.206085
-12.743794 48.134686 396.898895
-12.783336 49.108025 398.250092
-12.700179 49.089855 396.481232
-12.824193 53.649384 396.973206
-12.821683 54.021145 396.501587
-12.731462 52.075359 393.453491
-12.750842 51.774303 398.183960
-12.683047 48.286194 398.116241
-12.678889 52.877724 397.729553
-12.697129 54.168854 392.091309
-12.602580 52.334339 398.314423
-12.598302 53.618023 392.429291
-12.504768 47.564270 397.985626
-12.532967 50.426220 398.807465
-12.504509 48.723263 398.817993
-12.505829 51.638771 398.795166
-12.391380 48.155819 397.480560
-12.362956 50.511864 394.943787
-12.464422 52.928730 393.159119
-12.331734 49.481651 395.637665
-12.366710 47.434799 397.209229
-12.397966 51.975880 394.031342
-12.434538 53.998596 397.329803
-12.380288 50.836437 399.201385
-12.367335 49.164959 399.178894
-12.338916 50.024055 399.203339
-12.346156 52.543983 398.787689
-12.199012 48.935844 396.057220
-12.253510 46.924744 398.092865
-12.216063 51.498909 394.533875
-12.234283 47.666012 399.044006
-12.214352 49.586811 399.609863
-12.204630 47.165855 398.653290
-12.151820 53.474720 398.648468
-12.028869 46.774227 397.517975
-12.063504 52.562641 394.186127
-12.093962 53.369854 393.170013
-11.909179 47.844303 396.735138
-12.000555 52.107887 399.616302
-11.878996 49.522045 396.090637
-11.976306 46.361919 398.489838
-11.867823 50.337257 395.634735
-11.849448 48.434509 396.316498
-11.946796 51.193657 399.791779
-11.861840 51.535671 395.044220
-11.880195 48.747627 399.889557
-11.868949 46.774933 399.201752
-11.840807 50.580532 400.065399
-11.827320 49.944042 400.167297
-11.793556 46.263584 397.810944
-11.754265 53.142830 394.014252
-11.784941 53.956470 393.074524
-11.766005 53.597836 393.584778
-11.726413 45.774929 398.264984
-11.708864 47.635399 399.986450
-11.657771 51.079586 400.296478
-11.643348 53.884308 398.996185
-11.533382 47.320530 397.208344
-11.551434 49.129211 400.475311
-11.528526 52.633698 394.785889
-11.481131 51.625347 400.471924
-11.505827 53.322292 399.678619
-11.489785 46.698364 399.846924
-11.384920 50.708828 396.013580
-11.412242 51.947109 395.404388
-11.346539 47.785652 396.876801
-11.341595 49.791058 396.352264
-11.434341 52.320648 400.277405
-11.385791 45.822475 397.694824
-11.408261 45.860737 399.356293
-11.324161 54.044899 393.502808
-11.170996 49.300976 396.634491
-11.230418 47.368786 400.559784
-11.207606 50.142372 400.836395
-11.110923 52.001648 400.853851
-11.084132 50.985130 401.000183
-11.090008 52.872669 400.600525
-10.976410 48.359047 397.005646
-11.019749 48.765163 401.134247
-10.944921 47.373821 397.186584
-11.006083 49.743572 401.208069
-10.943488 52.661694 395.384644
-10.977854 53.606415 394.573944
-10.959483 47.715549 400.959930
-10.902463 45.449963 397.917633
-10.926923 45.791122 400.142822
-10.835232 51.897827 395.926483
-10.787902 48.928383 397.017059
-10.855536 54.061440 400.162537
-10.822444 53.601540 400.518646
-10.780589 51.584705 401.249939
-10.783206 49.238354 401.418732
-10.782315 48.251644 401.269958
-10.784701 46.440865 400.648193
-10.684265 51.347870 396.329590
-10.670218 52.457272 401.184814
-10.604224 50.162418 396.954895
-10.650878 53.238781 401.051971
-10.559228 50.811260 396.775177
-10.636804 45.870308 400.632263
-10.569723 46.790440 397.491089
-10.504645 50.439907 401.705597
-10.492448 48.209713 401.785553
-10.469047 52.584408 396.032013
-10.425551 47.621349 397.436371
-10.433069 53.123150 395.625153
-10.400500 53.883430 400.861877
-10.297376 48.535992 397.531189
-10.375781 46.797009 401.477814
-10.263339 52.017475 396.391968
-10.234668 51.536835 402.022552
-10.243773 45.464222 397.793671
-10.240160 53.701183 395.377289
-10.173529 51.451672 396.723358
-10.204448 52.803741 401.738159
-10.209235 46.134254 401.206055
-10.197379 45.477932 400.887756
-10.073031 49.855255 397.487549
-10.053436 53.555622 401.464935
-9.984193 49.268917 397.653168
-9.973170 47.815994 397.802948
-9.987070 49.825726 402.359650
-9.936391 51.140591 397.196075
-9.940673 52.910286 396.206757
-9.945983 54.225391 401.276672
-9.910661 52.432545 396.634552
-9.896780 46.891750 397.885895
-9.861400 52.281765 402.198975
-9.857999 46.756809 401.953705
-9.827909 48.530407 402.344788
-9.785413 48.514877 397.997192
-9.805881 47.563744 402.290741
-9.749796 50.612244 397.522675
-9.715375 50.742199 402.625793
-9.685106 49.066586 402.632263
-9.607743 50.042004 397.726898
-9.575983 48.051418 402.591644
-9.553367 54.034210 401.775635
-9.548462 53.423138 396.231842
-9.490394 52.587704 402.624023
-9.470972 54.213985 395.746552
-9.482783 45.648357 401.761902
-9.447141 51.554241 397.283966
-9.461600 45.979652 398.082367
-9.454754 47.057697 402.459076
-9.431514 47.227932 398.207214
-9.406550 52.292664 396.998810
-9.334861 49.461048 402.970642
-9.346818 46.384033 402.333496
-9.307992 47.556591 402.684143
-9.287852 51.167946 397.689117
-9.266552 51.828777 402.880371
-9.258277 49.564632 398.175842
-9.227010 51.137779 403.076019
-9.200450 53.337292 402.374939
-9.194923 48.294537 402.976410
-9.170741 48.887051 403.039337
-9.121032 48.385403 398.445129
-9.050792 50.445435 403.167908
-9.039797 54.071014 396.154388
-9.013324 52.417610 403.036652
-8.983757 52.821583 397.078613
-8.953132 51.696362 397.568604
-8.915119 46.838638 402.830048
-8.923090 50.815979 398.008362
-8.903304 50.213024 398.177399
-8.869558 46.706303 398.530914
-8.832402 45.495068 402.511261
-8.826447 46.086899 402.770691
-8.763072 45.653927 398.346527
-8.702084 49.350681 398.515839
-8.671445 47.495464 398.720093
-8.612485 53.930336 396.563629
-8.600251 52.236431 397.636292
-8.580124 48.842457 398.800262
-8.518584 47.187271 403.293182
-8.548038 53.496948 396.954651
-8.521194 52.827229 403.128510
-8.490530 49.607689 403.658752
-8.442183 48.731625 403.626862
-8.445612 46.971111 398.786530
-8.393463 45.540894 402.896637
-8.333369 51.275917 403.656952
-8.370974 50.953651 398.279388
-8.257906 47.744556 403.559204
-8.254110 48.363003 398.960663
-8.182450 46.372215 403.315918
-8.196590 53.820614 402.782410
-8.066274 52.428982 403.573761
-8.098677 45.514843 398.706116
-8.057652 46.195896 398.920502
-8.055537 50.405098 398.692993
-7.984763 54.249977 396.853943
-8.018728 49.426403 399.068573
-7.931619 46.922058 403.620697
-7.906355 50.476070 404.045166
-7.914811 47.291473 399.163635
-7.817050 45.919827 403.289642
-7.909980 52.139374 398.128693
-7.806236 51.099483 404.092255
-7.772153 48.960369 404.148712
-7.803731 51.551430 398.466339
-7.678067 47.720234 404.016235
-7.674081 49.610767 404.195312
-7.685159 53.596905 403.254272
-7.701399 53.337097 397.535126
-7.581987 52.755489 398.113953
-7.534289 45.722988 398.958557
-7.443400 50.228313 404.294189
-7.428166 46.167458 403.739655
-7.464421 54.072964 397.194916
-7.444129 51.773018 404.072479
-7.392967 48.386681 404.211090
-7.413947 53.107632 403.746429
-7.381241 54.204201 403.287750
-7.426219 48.563282 399.431793
-7.432870 51.275135 398.873016
-7.375779 47.056530 399.264221
-7.344449 47.704247 399.371277
-7.183802 45.377895 403.609192
-7.284344 49.818577 399.371124
-7.167986 48.899330 404.393860
-7.189927 53.708027 397.718079
-7.022251 52.634155 404.079193
-6.980086 47.838814 404.316864
-7.092149 49.294685 399.580109
-6.982797 49.459805 404.438385
-6.974580 50.604321 404.445465
-7.052138 52.461494 398.520569
-7.038631 51.747383 398.817505
-6.981557 50.308331 399.235535
-6.831699 46.895794 404.138092
-6.972157 50.918194 399.166595
-6.878527 46.382961 399.357971
-6.827566 53.379658 403.971985
-6.749561 51.517933 404.465546
-6.794220 47.183376 399.514130
-6.686898 48.462067 404.497437
-6.624350 45.537151 404.017700
-6.551874 45.430702 399.220337
-6.597914 49.842995 399.612732
-6.411329 47.869095 404.589935
-6.428005 54.224300 403.810364
-6.347642 52.200237 404.442352
-6.297983 48.925594 404.739227
-6.300614 49.601101 404.836121
-6.416843 52.837219 398.761017
-6.367118 53.388592 398.412750
-6.408715 52.123901 398.955109
-6.353334 48.446781 399.746796
-6.236333 45.975704 404.319824
-6.341840 51.196758 399.244781
-6.174973 50.263649 404.809265
-6.309165 50.448505 399.534058
-6.240038 47.483086 399.698029
-6.137029 54.285297 397.875946
-5.997923 46.539463 404.612885
-5.955116 48.279274 404.796082
-5.951643 45.463497 399.402313
-5.906930 47.313282 404.642975
-5.920559 51.585155 404.822998
-5.910770 53.729103 404.266937
-5.887288 50.917610 404.837097
-5.895050 52.382610 399.063690
-5.890989 51.730343 399.302490
-5.763712 46.420368 399.793762
-5.803828 53.571083 398.509399
-5.681135 45.650566 404.514526
-5.729606 47.665051 399.919312
-5.607755 52.334309 404.751190
-5.724607 50.907204 399.603729
-5.496250 45.873436 399.536560
-5.589561 49.473721 399.917542
-5.411249 49.750713 405.080933
-5.391119 47.119427 404.941132
-5.367574 54.205639 404.165741
-5.486209 50.047421 399.848419
-5.327194 48.139263 404.782562
-5.431659 53.215008 398.906891
-5.344498 47.032055 399.828613
-5.438161 52.133118 399.355194
-5.248686 48.889217 404.845673
-5.300253 54.271160 398.316498
-5.331690 48.212406 399.937012
-5.215374 53.521206 404.548035
-5.196511 46.281548 399.778168
-5.102544 45.945599 404.586182
-5.043422 46.570179 404.947235
-5.018652 50.887703 405.099701
-5.067400 47.650280 400.046722
-4.996489 52.980255 404.768555
-4.857696 49.319942 405.178986
-4.845499 50.190166 405.194702
-4.907963 50.265945 399.953735
-4.744646 48.358707 405.170288
-4.821298 52.369385 399.389404
-4.668272 45.618587 404.910492
-4.683273 52.077831 405.018097
-4.782732 49.670017 399.990448
-4.644266 45.605793 399.721893
-4.691953 48.994671 400.100250
-4.559559 47.411648 405.211853
-4.566768 47.163074 399.984314
-4.465902 53.701962 404.622864
-4.479005 53.866158 398.838226
-4.395242 50.563530 405.220490
-4.460727 53.001812 399.327606
-4.491011 50.964947 399.932678
-4.375504 47.734245 400.247742
-4.286965 46.489353 405.143280
-4.299813 54.266571 404.398590
-4.319077 46.596371 400.028809
-4.249103 46.006493 404.848145
-4.178390 49.951805 405.326294
-4.283863 52.211025 399.635223
-4.197128 48.297333 400.360168
-4.094483 49.299049 405.377411
-4.030477 53.117359 404.817963
-3.999185 45.797848 399.845612
-3.954163 45.660831 405.233612
-3.913872 51.456276 405.084900
-4.009463 49.748726 400.196930
-3.901585 52.743587 399.495483
-3.771243 50.624622 405.297852
-3.704642 48.077202 405.425049
-3.688947 46.634613 405.317291
-3.708480 52.575520 405.056519
-3.643269 53.896523 404.656555
-3.656430 48.487663 400.364960
-3.546111 49.789696 405.450409
-3.540921 47.254272 405.373566
-3.525157 51.935333 405.178802
-3.587441 53.302498 399.428833
-3.482709 46.659710 400.267792
-3.440265 47.551884 400.303619
-3.458035 49.188126 400.325165
-3.411082 49.789562 400.282318
-3.311507 53.108044 404.904999
-3.369320 52.044788 399.843689
-3.228419 45.845005 405.335907
-3.179565 50.264931 405.417816
-3.193081 45.868179 400.080261
-3.140815 49.370831 405.479950
-3.124837 46.882210 405.475067
-3.081781 47.588146 405.234924
-3.192477 50.778698 400.226044
-3.167881 52.760017 399.669220
-3.040331 51.182369 405.106781
-3.011288 48.726437 405.498474
-3.060108 48.544746 400.458954
-3.012594 52.442108 405.057495
-2.860523 53.550880 404.743378
-2.828826 49.787937 405.244720
-2.781064 54.113556 404.481384
-2.738045 49.478867 400.489166
-2.680258 53.272503 399.528961
-2.619121 46.464310 405.171478
-2.591146 47.690079 405.538086
-2.598317 45.734539 400.228333
-2.583864 46.673271 400.308899
-2.617397 51.574810 400.151337
-2.515990 48.029659 400.481415
-2.495403 52.488491 399.916687
-2.362822 51.151161 405.271027
-2.260789 49.547787 405.529877
-2.227140 48.460457 405.292816
-2.253150 52.157421 404.901611
-2.171495 47.289436 405.302094
-2.206228 50.014828 400.376892
-2.159897 53.037739 399.790771
-2.125575 45.426647 405.408051
-2.131336 51.975918 400.086456
-2.090915 53.888699 404.548340
-2.061095 47.976936 405.565216
-2.086889 50.855770 400.363464
-2.059665 53.569317 399.459656
-2.052815 48.401180 400.617615
-2.057578 49.097744 400.523621
-1.896998 46.113415 405.211975
-1.859459 45.820816 400.326111
-1.842328 50.558617 405.351898
-1.824559 53.143879 404.839569
-1.756207 48.719151 405.565216
-1.704483 52.656250 399.982544
-1.707834 46.951809 400.484344
-1.579142 49.316067 405.295074
-1.558337 47.804806 400.575653
-1.499749 51.902870 400.144501
-1.492313 54.237091 404.359558
-1.485796 51.512215 405.189575
-1.440926 53.289349 399.654144
-1.395873 46.203503 400.401733
-1.369082 46.262672 405.524811
-1.332047 48.869995 400.518768
-1.289599 47.264553 405.619324
-1.268098 52.567261 404.956970
-1.251931 50.109310 400.502747
-1.238984 51.361481 400.369354
-1.167493 54.217995 399.134552
-1.157237 48.691109 405.583618
-1.146411 47.959339 405.510620
-1.146618 46.710796 400.524994
-1.113788 52.441467 399.952850
-1.117643 45.513363 400.286346
-0.961011 49.570690 405.482849
-0.951609 53.658527 399.397278
-0.901084 50.146339 405.434509
-0.833141 52.047451 404.826324
-0.828587 54.261425 404.247894
-0.783401 51.723949 400.158844
-0.773093 53.219898 404.734711
-0.732539 49.299999 400.642365
-0.680415 53.154083 399.716064
-0.684628 47.151424 400.644135
-0.584288 48.579838 400.647766
-0.578567 51.019772 400.390015
-0.498077 52.455299 400.078949
-0.530780 45.911934 405.508026
-0.516276 48.202862 405.521454
-0.492199 47.873318 400.639282
-0.451748 51.342266 405.161713
-0.325022 47.178600 405.373199
-0.315914 50.029026 405.288849
-0.263681 52.457813 404.615631
-0.245434 46.158016 400.420715
-0.203171 51.921680 400.194122
-0.198401 46.535183 405.551849
-0.170157 53.859272 399.491058
-0.080023 49.673885 400.546906
-0.107945 50.659313 405.247742
-0.012426 45.428173 405.391235
0.019017 47.936066 405.520691
0.091583 53.003883 399.687012
0.113243 48.257133 400.705597
0.105656 47.029758 400.530487
0.096648 49.375317 405.353821
0.145305 48.942009 400.619110
0.133566 53.951576 404.194214
0.164040 53.389271 404.427490
0.197966 48.643452 405.450745
0.218143 45.379040 400.214478
0.273495 50.692120 400.377533
0.270815 52.393093 400.026703
0.265023 51.716328 404.896362
0.360051 51.655079 400.165436
0.335910 49.893887 405.250977
0.351814 46.389385 405.469177
0.361930 52.334942 404.783203
0.571885 54.222805 399.219360
0.697885 49.442631 400.627472
0.732838 48.083111 400.642487
0.742996 50.932629 404.994232
0.803764 47.480499 405.381683
0.827404 51.556988 404.826263
0.916528 50.914406 400.465424
0.872694 50.240856 405.158112
0.955809 52.806831 399.845428
1.015686 50.159153 400.460358
0.968093 47.514870 400.575775
0.992743 45.636181 400.245758
1.076107 52.078594 400.154419
1.012980 46.603771 405.374237
1.026425 52.716488 404.457916
1.060007 48.211231 405.265350
1.055206 45.535263 405.295288
1.061440 52.122799 404.626678
1.123991 49.193466 405.259735
1.175531 46.327648 400.401093
1.260764 53.671597 399.456329
1.300580 48.557949 400.581451
1.316351 50.639580 404.961243
1.362208 47.016468 400.506470
1.450187 51.350807 400.260223
1.455366 49.769081 400.524689
1.487418 48.014565 400.559021
1.463069 51.337765 404.735016
1.458121 46.208065 405.346283
1.565348 50.756596 400.460663
1.514945 53.402496 404.111572
1.615580 53.205605 399.620941
1.637747 51.963856 404.469299
1.762615 45.422768 400.173950
1.858884 49.719849 404.988159
1.874944 45.984474 400.279602
1.898055 47.375275 400.588074
2.003002 51.748604 400.063782
1.949967 50.430988 404.856537
2.133030 51.143654 400.289703
2.027716 47.934052 405.156708
2.046778 46.724083 405.214233
2.067491 51.159508 404.640869
2.075202 49.143913 404.994446
2.080870 48.550655 405.127045
2.147187 48.245758 400.526581
2.166393 46.755093 400.431152
2.200581 52.025459 404.345459
2.202206 54.248787 403.443176
2.244022 52.637051 404.129547
2.364320 52.593075 399.780945
2.367496 47.444111 405.061218
2.440129 47.695454 400.447205
2.501968 53.940582 399.050781
2.563429 48.692394 400.428925
2.502859 53.398975 403.878754
2.631380 51.622536 400.125946
2.549702 46.238564 400.273773
2.642424 49.444298 400.438110
2.560948 49.814075 404.770050
2.570204 48.104687 404.917267
2.664941 53.259033 399.375702
2.594460 50.416225 404.685852
2.671923 48.672825 404.955383
2.793342 50.029034 400.375488
2.709316 51.715675 404.262939
2.719690 51.064137 404.444794
2.868232 50.985554 400.247009
2.765648 45.916321 404.997467
2.828771 46.938194 405.013916
2.862779 52.436451 404.114746
2.985279 52.126362 399.859253
3.024914 46.852646 400.285248
3.071153 45.797222 400.185822
3.082547 53.684856 403.419281
3.081383 49.023605 404.741425
3.156152 48.443062 400.410614
3.149420 50.341366 404.532349
3.311206 51.468994 399.984406
3.290163 53.021290 399.439667
3.323920 50.987232 404.247711
3.347362 54.192791 403.105927
3.440149 47.381916 400.363739
3.533297 50.865108 400.076508
3.448184 46.344296 400.258942
3.427013 46.955517 404.725616
3.428728 51.600544 404.088257
3.452495 48.030346 404.669586
3.558628 49.517517 400.243530
3.677160 52.003448 399.778015
3.598045 53.345467 403.443146
3.705361 53.954853 398.733368
3.664989 46.226864 404.687103
3.654446 49.599239 404.558167
3.673592 50.301640 404.280334
3.880239 51.395596 399.836517
3.785212 45.849911 400.101654
3.884909 48.451172 400.293427
3.848952 52.439716 403.613007
3.884200 54.248787 402.839661
3.927026 47.342052 404.512482
3.949621 50.818718 404.142822
3.972004 49.036144 404.387909
4.020107 46.509960 400.094696
4.119539 50.591236 400.046631
4.144732 49.907654 400.123749
4.080589 46.696770 404.551697
4.104947 45.382576 399.836792
4.084424 51.422466 403.923889
4.121311 53.627998 403.095367
4.210941 54.082630 398.455902
4.358680 52.547787 399.321625
4.412742 51.124599 399.848938
4.404315 47.917347 400.142242
4.365023 48.316723 404.385193
4.360207 50.001644 404.080048
4.448809 54.043606 402.647369
4.489417 46.956387 400.033234
4.451595 52.124084 403.477264
4.467137 49.343391 404.218719
4.566837 45.986122 399.963745
4.567458 47.318672 404.428558
4.724726 51.945095 399.465912
4.668682 52.639301 403.289246
4.806358 50.183537 399.962219
4.789875 53.318066 398.719208
4.725406 51.419250 403.540100
4.756980 46.127346 404.343506
4.889101 48.948650 399.957062
4.926935 51.312122 399.620850
5.076509 49.517590 399.927917
5.061578 46.686077 399.829071
5.147315 52.287445 399.228363
5.141447 48.417267 399.901917
5.118077 54.219616 398.013794
5.190023 50.785988 399.676361
5.116103 52.859844 402.896698
5.125822 52.283936 403.136200
5.159011 47.100323 404.152374
5.147610 50.794491 403.581573
5.210687 45.652714 399.659912
5.182331 49.297340 403.851654
5.374585 50.051460 399.675568
5.393761 47.203197 399.798004
5.453643 51.402687 399.360016
5.376841 46.192734 404.047821
5.356531 50.030823 403.686737
5.415179 51.549206 403.261932
5.527314 52.553883 398.833984
5.528695 46.266521 399.555511
5.483533 48.444134 403.945679
5.538976 53.785999 402.261627
5.664608 48.151241 399.698792
5.644595 52.707214 402.745117
5.761237 49.542439 399.671326
5.830907 50.929153 399.405975
5.902163 52.879364 398.548157
5.854917 52.029182 402.960754
5.854482 50.444714 403.353912
5.890342 53.226727 402.388214
5.976069 53.419643 398.173676
5.958010 45.662502 399.305664
5.921159 51.117550 403.134003
5.989559 49.076397 403.493225
6.115938 51.834106 398.952759
6.044729 46.539257 403.738190
6.075655 45.979645 403.680664
6.174670 51.254517 399.018463
6.071615 49.754265 403.327026
6.218577 46.449642 399.412689
6.202322 47.106041 403.595093
6.203458 48.079891 403.610962
6.234873 51.531338 402.869812
6.320953 50.299984 399.235046
6.332080 47.251106 399.384308
6.342190 48.672829 399.397583
6.314379 52.671101 402.425293
6.402677 50.284119 403.094269
6.482293 53.438229 397.745117
6.477504 54.246773 401.538208
6.663227 52.921185 397.996643
6.705874 49.417980 399.164581
6.692563 53.625275 401.750793
6.721382 48.309689 403.321320
6.783189 46.773991 399.202576
6.811788 52.427753 398.264252
6.807189 54.233013 397.130280
6.773933 52.352253 402.284271
6.849884 47.864441 399.234283
6.840469 45.489765 399.001648
6.810387 49.292515 403.077118
6.917573 53.707203 397.432617
6.897385 46.407509 403.251953
6.953265 51.870464 398.453339
6.904592 50.979618 402.633911
7.026441 50.861687 398.697998
7.020941 50.150768 398.870331
7.021498 47.330761 399.154419
7.075980 48.586002 399.038849
7.142034 47.462036 403.038849
7.196887 52.747639 397.787628
7.206619 53.400208 401.561371
7.250604 45.926949 402.978302
7.296927 52.163086 398.092346
7.217446 49.980530 402.642273
7.322865 46.246090 398.855347
7.375713 45.656490 398.752655
7.365644 51.455688 402.247559
7.445085 48.623913 402.773102
7.472509 46.973129 402.892609
7.493739 54.126217 400.985168
7.525076 48.826180 398.781982
7.558382 47.557877 398.846771
7.588512 53.791534 396.977173
7.660162 49.976467 398.509277
7.613249 52.000008 401.883484
7.678265 52.990040 397.405365
7.613950 50.301682 402.319946
7.635802 53.614265 401.229218
7.700569 51.691242 398.049133
7.636364 49.555874 402.551208
7.670506 47.595974 402.729950
7.657411 52.966610 401.452271
7.789105 46.793564 398.673798
7.798300 48.346573 398.600372
7.809329 52.318031 397.646942
7.847507 51.070736 398.072479
7.838672 45.651741 402.419922
7.842363 50.856853 402.073120
7.872018 48.143116 402.529053
7.940067 49.071522 398.460052
8.006572 50.368896 398.167480
7.997560 49.103786 402.393036
8.127891 45.741211 398.403076
8.205343 51.796650 397.659271
8.214145 52.944820 397.114410
8.199089 46.709682 402.387543
8.270911 50.517090 401.853363
8.269127 51.881062 401.550385
8.295838 53.431499 400.734344
8.320197 51.244854 397.787842
8.307616 51.085278 401.764221
8.393302 46.368347 398.296204
8.401575 49.454388 397.973053
8.408393 48.614693 402.147858
8.482775 48.253918 398.162811
8.475113 52.515358 401.152222
8.526763 46.995453 398.273895
8.555331 50.645077 397.624207
8.558251 47.785484 401.973816
8.592413 45.882824 401.795593
8.575644 49.568634 401.818512
8.671843 51.964180 397.194519
8.737823 45.632629 397.999512
8.761222 53.833149 396.098816
8.759482 51.284096 397.369843
8.821424 53.096802 400.496796
8.868246 46.882504 401.645508
8.878908 49.902813 397.732971
8.863167 51.729317 401.043518
8.963246 52.807350 396.541199
8.984395 52.343727 400.733276
9.020329 47.193661 397.845215
9.049346 48.611958 397.855774
9.089766 48.939251 401.565338
9.142092 53.956757 395.584656
9.123883 46.171478 397.743713
9.110343 51.013412 401.053131
9.159982 53.304623 396.090546
9.167952 45.679440 401.050568
9.214275 51.608131 396.985535
9.221153 50.829201 397.237976
9.268302 48.021164 401.375244
9.281494 49.479061 397.382538
9.347654 47.309429 401.291718
9.349499 46.748142 397.585297
9.359591 50.327869 401.104919
9.407767 53.601055 399.662354
9.413621 46.204144 400.977600
9.385798 51.782112 400.601410
9.384040 48.227608 397.554382
9.392910 46.203320 397.258148
9.413576 49.396770 401.246185
9.507273 52.265137 400.282654
9.508729 51.920498 396.603363
9.518030 50.070816 397.286285
9.565922 54.103848 395.127991
9.556420 52.848171 396.005920
9.571867 45.561153 397.444214
9.556053 47.388088 397.551849
9.613050 53.520943 395.547546
9.670299 48.618206 401.060089
9.669349 51.196617 400.579559
9.717171 47.015972 400.821289
9.727126 46.356030 397.830505
9.764729 52.972866 399.693329
9.764705 49.956524 400.855438
9.792689 45.768604 400.195221
9.799569 47.840435 400.835724
9.814628 51.680195 400.218628
9.866796 53.775524 399.078125
9.868844 49.377056 400.758911
9.888236 50.318741 396.865417
9.910257 52.141277 396.198212
9.925556 46.874432 397.473969
9.927846 49.046188 397.006927
10.055549 52.478973 395.720490
10.086463 45.645283 398.484528
10.089725 53.839966 394.836700
10.050559 50.871761 396.582733
10.075939 48.779587 400.607147
10.054956 48.370686 397.108459
10.100929 47.318562 400.385742
10.067903 49.748882 397.016083
10.165847 53.301380 395.246277
10.152553 51.653088 396.076630
10.217413 46.687477 399.964111
10.241933 48.108143 400.380676
10.255361 52.173565 399.641174
10.273885 45.910870 399.013367
10.214179 47.813232 396.894867
10.234586 47.324959 397.235077
10.218721 48.905445 396.230225
10.315840 50.440182 400.125580
10.321008 49.335426 400.183075
10.334476 46.373371 399.399628
10.289005 48.361111 396.511261
10.346295 46.371105 397.711639
10.424532 46.135876 398.382294
10.486785 53.884724 398.392365
10.459476 47.118324 399.693634
10.469295 47.636177 399.932587
10.478348 52.100349 395.522705
10.547730 53.009987 398.847626
10.540132 46.986431 397.643829
10.550077 48.697102 400.172546
10.567168 52.778133 395.321320
10.554730 49.152351 396.609039
10.609644 51.341328 399.558197
10.583395 49.875221 396.547241
10.632562 46.894482 399.165619
10.602981 50.657078 396.235687
10.668212 46.707699 398.167786
10.830346 47.532833 399.213837
10.840769 48.732105 399.646484
10.859305 48.172211 399.365692
10.876307 47.157539 398.608551
10.849734 48.490154 396.906525
10.931452 54.003155 395.013092
10.882101 47.480961 397.425446
10.882542 51.300209 395.664673
10.932940 49.824520 399.470703
10.982365 51.955257 398.832428
11.026382 52.777802 398.381470
11.069086 53.949123 397.399872
11.036782 52.310699 395.455231
11.103604 53.438667 395.052643
11.104518 47.778214 398.021118
11.133326 51.397243 398.721039
11.136832 48.328884 398.860413
11.260102 50.133541 398.963837
11.256339 50.194492 396.436096
11.287463 50.832790 398.773163
11.260536 50.729263 396.128479
11.363673 54.018940 396.711212
11.275653 49.328136 396.688446
11.352869 52.857368 395.345490
11.384220 53.268646 397.481506
11.350749 48.678665 398.353241
11.371025 49.269390 398.769135
11.375414 48.584980 397.219696
11.417065 51.745037 398.299530
11.407989 51.647438 395.751282
11.447851 52.380947 398.013763
11.490284 53.943981 395.172455
11.539583 54.050671 395.992920
11.629523 53.232155 396.901855
11.612028 49.677658 397.868256
11.602826 49.108776 397.528687
11.695517 50.564220 398.002289
11.682256 49.673016 397.278503
11.681717 49.924374 396.174774
11.741285 51.530518 397.556793
11.796743 53.253700 396.178802
11.822482 50.504539 396.364044
11.889972 50.480984 397.207123
11.920506 51.220142 396.437378
11.956739 52.694958 395.403320
11.951427 51.567341 396.915161
11.967035 52.313564 396.557648
11.972996 51.988575 395.521362
-11.310354 45.318050 398.695709
-10.890148 44.798038 398.927795
-10.832210 44.885998 398.088745
-10.659251 45.044739 399.862915
-10.548808 44.418121 399.390167
-10.373760 45.147083 400.395813
-10.349746 43.956146 398.954102
-10.240340 44.184914 399.937836
-10.057482 44.602276 400.467194
-9.875206 44.960480 401.023987
-9.844293 44.689335 397.952118
-9.745246 45.288063 397.985504
-9.679296 43.417023 399.153290
-9.656786 43.509159 399.736176
-9.617054 43.705944 400.309479
-9.458280 43.737743 398.508209
-9.430360 44.282166 401.170776
-9.363936 43.214962 400.213470
-9.355051 43.013817 399.636902
-9.234429 43.081051 398.990631
-9.117295 43.576103 397.962708
-9.040807 44.773861 401.964294
-8.984854 43.198433 398.408600
-8.960560 43.027859 400.685394
-8.951181 42.603191 399.409637
-8.925818 44.623596 397.997406
-8.865248 42.649475 398.773590
-8.707476 44.233711 401.840240
-8.658599 42.355957 399.936859
-8.532413 42.800362 401.023132
-8.503856 44.921581 402.508026
-8.446891 43.283298 401.559662
-8.423346 44.209946 398.322357
-8.411929 43.429859 398.120270
-8.359766 44.356823 402.300049
-8.332683 42.225216 399.170319
-8.255520 41.990139 400.134979
-8.094157 42.482067 401.239838
-8.053288 43.372547 402.074188
-7.967361 43.928226 402.433075
-7.896541 42.781197 398.338470
-7.812127 45.322456 403.249756
-7.837191 41.798183 400.683197
-7.800762 44.634319 398.594818
-7.707486 44.477398 403.048981
-7.733590 41.943256 398.765869
-7.708332 43.470715 398.307953
-7.694505 44.039955 398.469574
-7.644479 42.877728 402.026947
-7.644126 42.379185 401.611847
-7.608443 43.440987 402.472687
-7.476423 41.509750 399.330566
-7.416780 41.726528 401.211182
-7.371193 41.410755 400.445801
-7.276890 43.904934 402.988220
-7.223348 44.846344 398.834747
-7.244080 42.015266 401.789764
-7.210546 42.752972 402.455048
-7.196734 42.488792 398.492401
-7.201870 41.171284 399.859833
-7.168221 41.882904 398.589935
-7.119021 43.245365 398.360901
-7.030098 44.684944 403.569641
-6.961432 41.401527 398.865936
-6.911447 43.905113 398.666870
-6.931681 41.224762 400.996490
-6.838005 44.442078 398.832489
-6.847047 40.905804 400.369080
-6.734378 42.393818 402.525726
-6.736448 41.991116 402.123993
-6.710360 43.409023 403.153259
-6.631577 44.961102 403.969421
-6.647704 42.821640 398.404694
-6.556419 41.258621 401.612427
-6.503781 42.233761 398.293671
-6.464945 43.506474 398.621613
-6.470333 41.637951 398.455536
-6.473734 40.722523 399.847565
-6.375669 44.417683 403.846100
-6.431301 40.778053 401.039093
-6.283160 44.738461 399.065125
-6.279562 40.958241 399.072937
-6.288299 40.573040 400.379395
-6.100311 43.813656 403.782501
-6.081035 43.961433 398.848480
-6.083536 43.047226 398.548737
-6.102621 43.253662 403.486511
-6.090358 41.132763 402.041656
-6.000130 40.806107 401.531219
-5.929792 42.508766 398.436066
-5.929428 42.146481 403.013947
-5.876737 40.377277 399.933075
-5.833241 41.647213 402.628540
-5.779124 42.648643 403.387756
-5.786695 40.473282 400.951935
-5.707397 41.967678 398.383728
-5.645061 44.648445 404.411255
-5.576562 45.091404 399.310852
-5.612680 40.336338 399.378113
-5.557584 40.156979 400.438934
-5.479164 44.342873 399.115326
-5.466541 41.134258 398.429749
-5.539730 40.927738 402.103607
-5.402781 43.417099 404.028473
-5.424914 40.437447 401.529846
-5.377668 42.073696 403.200104
-5.291601 43.374649 398.728607
-5.338167 40.097294 399.826874
-5.319085 41.297646 402.685242
-5.231863 43.916904 404.334930
-5.213640 40.549061 398.825653
-5.239876 42.485470 403.656342
-5.135627 40.099731 400.988800
-5.032518 40.114758 399.277924
-4.970577 41.520336 398.278015
-4.961269 45.135101 399.475525
-4.930749 40.488811 402.048676
-4.822139 40.916348 398.445770
-4.844846 39.938641 400.298553
-4.724130 44.047558 404.624481
-4.684964 43.434444 398.888275
-4.741125 40.092323 401.544617
-4.662464 43.084263 404.224518
-4.673300 39.832729 399.689056
-4.593120 42.578705 398.570892
-4.590166 45.038006 404.660248
-4.626480 42.517361 403.899567
-4.463331 40.391079 398.582611
-4.412933 44.872658 399.434784
-4.498521 41.501621 403.264374
-4.370182 44.317432 399.371246
-4.457931 39.857048 400.925018
-4.437801 40.479992 402.486176
-4.243718 43.802658 399.175537
-4.298616 41.976677 403.742737
-4.266110 40.031445 399.183594
-4.275088 40.973789 402.975922
-4.145297 40.833248 398.186279
-4.072346 44.769218 405.019928
-4.024371 41.799767 398.367157
-4.000463 42.621441 398.658875
-4.088925 39.773937 401.484253
-3.914485 44.170563 404.713776
-3.838170 40.129635 398.473846
-3.860337 43.069141 404.612885
-3.723203 41.317238 398.318878
-3.777754 39.701466 399.149872
-3.673851 43.699493 399.209442
-3.659289 42.989563 398.966553
-3.663168 45.092747 399.688049
-3.718022 39.581066 400.097626
-3.672302 41.727100 403.956940
-3.691631 39.505047 400.885468
-3.657547 39.860565 401.960815
-3.413935 40.567402 398.316376
-3.391272 42.529510 398.734772
-3.495375 40.225601 402.533203
-3.423280 41.154270 403.594666
-3.316803 44.202831 405.102844
-3.263643 42.642025 404.697632
-3.165735 41.967278 398.593445
-3.173962 44.774929 399.809448
-3.256053 39.568569 401.571625
-3.098182 41.143547 398.242340
-3.043969 44.083046 399.525970
-3.042329 45.058990 404.987640
-3.097315 41.962811 404.283051
-3.063166 39.961136 402.256165
-2.929793 43.587654 399.362518
-2.922716 43.084908 399.167389
-2.969976 39.234814 400.893158
-2.918708 39.444626 399.957581
-2.848654 40.208729 398.455170
-2.812666 43.706543 405.098114
-2.810337 40.978088 403.622894
-2.703734 44.342457 405.037933
-2.702862 42.276516 404.593994
-2.592343 45.010784 399.907959
-2.633303 39.724850 398.918335
-2.569920 41.699169 404.279541
-2.602962 39.565784 401.983490
-2.579893 40.156597 402.730743
-2.559341 40.601891 403.275848
-2.463287 41.375042 398.411957
-2.440198 40.759686 398.200317
-2.301314 43.644543 399.456757
-2.263018 41.901676 398.644684
-2.212467 44.187439 399.660858
-2.299589 39.219379 401.132172
-2.272422 39.748234 402.438324
-2.136153 44.449123 405.333344
-2.109161 43.725979 405.246094
-2.117823 42.463299 404.840302
-2.150142 40.850220 403.633026
-2.029739 43.069134 405.061127
-2.039030 39.475769 399.156342
-2.017821 39.251312 400.473694
-1.929607 42.703888 399.066467
-1.962623 40.385235 403.202179
-1.968642 39.438332 401.747375
-1.861680 41.114571 398.406281
-1.880453 40.086849 398.357117
-1.788401 44.739086 400.048981
-1.877350 38.999725 399.868561
-1.698872 45.332058 400.171173
-1.801529 39.980694 402.712799
-1.693409 43.767433 399.702087
-1.746651 41.116020 403.998077
-1.658630 40.660614 398.204620
-1.662418 41.914974 404.557587
-1.710538 39.172520 401.188873
-1.548490 44.834255 405.337799
-1.525491 39.625492 402.201172
-1.409743 43.292091 405.145599
-1.369745 41.954708 398.693512
-1.370151 44.059269 405.285858
-1.414010 39.436405 399.508514
-1.390207 39.688335 398.922028
-1.344656 42.913891 399.375580
-1.364313 40.294445 403.187927
-1.349522 39.404423 401.593964
-1.208037 44.848476 400.103546
-1.160346 41.218460 398.400208
-1.195845 38.970123 399.927246
-1.038157 45.294464 405.443085
-1.112361 39.942207 402.781006
-1.132630 39.181515 401.009583
-0.980053 40.589474 398.296234
-0.946560 39.588875 398.496155
-0.908018 44.711590 405.399506
-0.900720 44.119343 399.811646
-0.971047 39.239143 400.407928
-0.819578 41.377747 404.280273
-0.788514 42.633617 404.903137
-0.850202 39.639347 402.200104
-0.737410 43.062195 399.482483
-0.721916 42.085884 398.950073
-0.776359 39.439705 399.294525
-0.720590 43.575089 405.254364
-0.765349 40.287369 403.209076
-0.743949 40.939461 403.916351
-0.635145 45.198391 400.197845
-0.724819 39.429787 401.541840
-0.518808 41.433868 398.556946
-0.494876 39.249508 400.972076
-0.391198 40.141041 398.427338
-0.449995 39.310913 399.822784
-0.267041 40.873867 398.350464
-0.270437 39.229679 400.391235
-0.155109 43.983406 399.848328
-0.019292 43.837059 405.269989
0.015920 44.873775 400.054901
0.023052 41.971985 398.884857
0.068083 43.324322 399.563202
-0.022719 39.408203 401.372986
0.078968 39.980835 398.743469
0.129763 42.392010 399.188232
0.054667 40.174561 402.916809
0.088488 39.449230 399.454559
0.139100 41.816494 404.498840
0.215128 44.427853 405.329254
0.247348 42.898285 404.966553
0.279871 39.401413 398.871918
0.387418 40.467175 398.349884
0.328787 39.290920 400.678589
0.371630 40.878735 403.711731
0.426444 39.717545 402.040009
0.600897 41.411911 398.577911
0.707016 45.059620 405.405365
0.617642 39.444336 401.208374
0.693614 41.481010 404.265472
0.795511 44.333847 399.952118
0.809983 43.384041 399.625824
0.792501 42.034161 404.620361
0.852008 42.215721 399.052216
0.773947 39.412121 399.945862
0.838248 39.633957 398.715973
0.896165 40.154236 398.386383
0.891902 40.228615 402.729706
0.968403 43.591488 405.130737
0.961001 39.345722 399.313995
1.076306 40.849163 398.427856
1.073555 42.533894 404.796997
1.171300 41.716084 398.734589
1.172519 42.740608 399.279449
1.235005 45.102215 400.088226
1.241565 44.208088 405.242035
1.215322 40.561005 403.182495
1.340271 43.694759 399.614685
1.393121 41.497646 404.148193
1.401009 39.882305 401.790802
1.412509 40.077431 402.315155
1.550619 44.845963 405.256317
1.459453 39.506672 400.801056
1.545866 39.680981 399.698212
1.667331 40.889965 398.459930
1.578998 41.024822 403.665497
1.672281 43.213753 399.430389
1.692199 42.075111 398.921631
1.663558 42.698887 404.806000
1.740780 39.875870 398.763733
1.867032 44.286659 399.877319
1.822302 42.045979 404.440765
1.935111 43.218941 404.841370
1.893142 40.485126 402.904022
1.914150 39.816723 401.493378
2.020902 45.344616 405.179169
2.049991 41.531612 403.937347
2.032262 40.203072 402.282990
2.186905 42.670544 399.096985
2.177148 43.856968 399.621765
2.168050 44.252270 405.028961
2.247348 41.586666 398.776917
2.199434 40.933163 403.421936
2.329642 44.899422 399.928040
2.435465 39.709316 399.212158
2.390769 39.755947 400.574066
2.476453 42.435558 404.463898
2.510608 43.329712 404.710846
2.571941 42.028519 398.900879
2.539446 40.132561 401.795563
2.689492 43.243862 399.289093
2.638806 41.335079 403.481842
2.750686 41.330387 398.585724
2.720712 39.944542 401.100403
2.778782 40.081242 399.644196
2.878216 42.201664 404.100952
2.918432 44.691479 404.936340
2.940543 44.021187 404.870148
2.922756 40.764385 402.595612
3.038614 40.375473 398.487732
3.051404 43.950321 399.547699
3.053313 42.856125 404.545929
3.128845 42.537350 399.049377
3.180965 44.766693 399.724945
3.155732 41.158291 403.150574
3.274595 40.578598 399.122742
3.257655 41.702633 403.596161
3.349199 45.175049 404.807831
3.289261 40.321789 401.572815
3.373105 39.868999 399.432587
3.388950 45.310989 399.950500
3.349222 40.023727 400.730988
3.406129 40.052319 400.107056
3.524887 44.560143 404.674652
3.596774 41.833508 398.744781
3.658321 42.881248 399.137329
3.664807 40.985622 398.591675
3.669899 42.347584 398.922455
3.645137 43.936611 404.519684
3.682882 42.852753 404.192078
3.828832 44.786636 399.723816
3.806822 40.593117 401.893555
3.928216 44.166798 399.485474
3.881766 41.860989 403.439423
3.865096 41.007168 402.454041
3.879136 40.381672 401.210602
3.930523 45.302959 404.637085
3.931404 40.216759 399.764465
4.021307 43.547955 399.286224
4.054658 43.423260 404.239288
4.027332 40.317860 400.559387
4.182525 41.401363 398.553314
4.185839 44.328796 404.395325
4.228075 40.428905 399.031677
4.203208 41.511559 402.911285
4.229330 42.352688 403.671753
4.415772 41.297546 402.338959
4.429277 40.720181 401.507599
4.494461 45.362133 404.485687
4.552713 43.725433 404.134125
4.604099 43.402889 399.016205
4.589138 42.062126 403.202637
4.682003 42.419857 398.726776
4.615193 40.567562 399.860168
4.708465 40.949924 399.157776
4.704313 45.287056 399.681549
4.769594 44.903297 404.260254
4.849596 41.386845 398.519165
4.818060 40.575481 400.375916
4.894139 44.697903 399.473236
4.886938 42.673038 403.477386
4.912647 44.225407 404.099640
4.920531 43.289726 403.805054
4.919899 41.244274 401.953918
5.027751 43.772408 399.050201
5.127174 41.927895 398.547791
5.087524 41.013149 401.319427
5.190537 40.852383 400.032562
5.322028 44.597401 403.845154
5.297850 42.028801 402.628143
5.397159 44.509041 399.223969
5.399503 40.783970 399.428650
5.458100 41.304516 399.023163
5.452961 43.204407 403.403717
5.468337 45.351357 403.941803
5.564378 43.005596 398.706543
5.583919 43.903843 403.651184
5.706089 42.313049 398.508026
5.706914 41.628963 398.532898
5.638671 41.213516 400.990326
5.653026 41.479137 401.591614
5.777376 42.862835 402.998199
5.804574 41.146004 399.968079
5.888410 44.923126 399.190765
5.902274 44.659622 403.602753
6.007928 43.391647 398.671204
6.006662 42.552048 402.546234
6.058597 41.692043 398.959869
6.091031 43.361767 403.047028
6.185456 43.952351 398.795441
6.225616 45.175831 403.444397
6.179020 41.442268 400.576141
6.252761 44.223202 403.231628
6.204470 41.661430 401.230255
6.280834 42.107590 401.776917
6.393195 42.095066 398.518951
6.393338 41.434444 399.910522
6.473619 45.056305 399.059631
6.481743 43.296963 402.589508
6.523977 41.740269 399.302032
6.717749 41.949203 400.824493
6.845188 43.235947 398.393402
6.930533 42.371162 398.708099
6.950825 45.372398 403.052826
7.018537 43.796001 398.544891
7.027251 44.287144 402.668976
7.137090 44.471413 398.585022
7.117430 42.080784 400.062714
7.100071 42.968109 401.699554
7.262933 43.926891 402.141754
7.274608 42.632576 400.923370
7.370028 43.436836 398.245178
7.359244 42.270149 399.384674
7.447800 42.891430 398.585114
7.412346 43.493824 401.744263
7.583375 44.980961 402.476807
7.703948 44.807606 398.361176
7.891307 43.755741 398.055298
7.853323 42.860825 400.348114
7.934228 42.705231 398.831604
7.972114 44.483803 401.783020
7.963258 43.738811 401.322662
8.211453 43.044209 398.270325
8.244929 45.210384 398.121307
8.210004 43.464489 400.628754
8.247691 43.061958 399.481537
8.397436 44.152050 397.811401
8.670343 43.662106 398.521332
8.676854 44.681931 401.077820
8.682579 43.926579 400.185333
8.718867 44.872189 397.808838
8.723576 44.522617 398.325836
8.800278 43.747955 399.339233
9.247529 44.450176 398.846130
9.266478 45.083466 397.672791
9.307738 44.835674 400.214020
9.455084 44.006725 398.088104
9.637360 44.566395 398.194458
9.771024 45.016884 399.344757
9.825339 45.099270 398.416382
