-13.473618 54.716145 392.762787
-13.404584 54.403023 391.595825
-13.349347 54.708828 393.496002
-13.284782 54.523304 394.069550
-13.224551 55.138466 391.813751
-13.124637 55.264721 392.448822
-12.968329 55.101238 394.197845
-12.945658 54.712830 395.101349
-12.909958 55.423714 393.423798
-12.851860 55.677807 392.106415
-12.762240 54.430141 395.951874
-12.650290 55.288479 395.003357
-12.633389 54.952637 391.282654
-12.593480 55.015041 395.651428
-12.553463 56.208076 392.519348
-12.514137 54.432903 396.793549
-12.497646 56.102112 391.529755
-12.456250 54.966900 396.301025
-12.410422 55.898262 394.090332
-12.373899 54.566254 391.718719
-12.310722 55.777035 394.660736
-12.204799 56.473133 392.983612
-12.159606 55.511585 395.756958
-12.100619 54.891975 397.096649
-12.076375 56.276669 394.386719
-12.030434 55.376251 396.661560
-12.009966 55.307446 391.380737
-11.971605 56.008999 395.530029
-11.959527 54.356667 397.958710
-11.956817 54.633423 392.107178
-11.931598 56.910347 391.746735
-11.860999 56.853607 393.293640
-11.789882 57.022015 392.306976
-11.754710 54.299984 392.588318
-11.737432 55.897713 396.203033
-11.735247 56.739704 394.285858
-11.607505 55.305408 397.513977
-11.556118 55.179237 392.051361
-11.557620 56.738869 395.019501
-11.502621 54.535492 398.797180
-11.493802 56.233074 391.037964
-11.501576 57.264828 392.814484
-11.262593 57.086952 394.600800
-11.226296 55.491463 397.948151
-11.212459 55.697704 391.831696
-11.172029 54.758839 393.040436
-11.193454 57.383095 391.558777
-11.142027 56.275581 397.008148
-11.172403 57.368786 393.798309
-11.117558 56.874989 395.929657
-11.068169 55.132687 392.519287
-11.023635 55.348782 398.529144
-11.069517 57.650898 392.708893
-11.025455 57.194782 395.251282
-10.894473 54.470318 399.756348
-10.846414 57.056213 390.861511
-10.826530 57.924274 392.021271
-10.742637 55.669659 392.391846
-10.714631 56.050900 391.866791
-10.700833 57.268116 395.749664
-10.639918 55.426647 399.140961
-10.660266 54.645916 393.946625
-10.667913 57.511715 394.839935
-10.611158 56.390430 397.958313
-10.667099 57.904049 393.631073
-10.649630 57.967190 392.844360
-10.562166 56.521931 391.419403
-10.476138 55.270733 393.216278
-10.405449 54.341022 400.499664
-10.455478 57.838917 394.430481
-10.389729 57.050606 396.908844
-10.352715 55.321674 399.699127
-10.394854 57.605343 391.327972
-10.269589 56.881172 397.584595
-10.300582 56.069714 392.517334
-10.255770 54.838223 394.348511
-10.253524 57.670593 395.860504
-10.272613 57.913418 395.007904
-10.129951 54.826942 400.372253
-10.086774 55.924557 399.321991
-10.143038 58.126404 391.595123
-10.097355 57.499176 396.406860
-10.115234 58.243855 392.855621
-9.981384 54.441525 394.783173
-10.000161 56.769745 391.809967
-10.004071 58.127369 394.199402
-9.837099 56.663460 398.773895
-9.859427 55.746243 393.668396
-9.789931 57.374603 397.466064
-9.843966 58.175320 394.770325
-9.784113 58.479805 393.663574
-9.772623 58.479836 391.936279
-9.699373 57.852112 390.937897
-9.658696 57.840313 396.502045
-9.638784 55.527424 394.155792
-9.554580 55.684742 400.422089
-9.632935 58.159157 395.579620
-9.555039 56.274921 393.258301
-9.483934 55.271332 394.753082
-9.405866 55.318817 400.907043
-9.449948 58.195515 391.430786
-9.350907 56.471203 399.725342
-9.361814 54.731098 401.353088
-9.393401 58.482983 394.797028
-9.301478 54.740887 395.192627
-9.246525 56.163208 400.226410
-9.259257 57.392597 398.301941
-9.335334 58.761974 392.241455
-9.310156 56.868252 392.302094
-9.317325 58.718746 393.034088
-9.253868 58.177246 396.232056
-9.262851 57.516846 391.426605
-9.183118 55.654091 394.495087
-9.166091 56.615322 392.994598
-9.063029 55.208576 401.365936
-9.138246 58.740028 394.063324
-9.093863 58.474178 395.310638
-9.047252 58.135323 397.103882
-8.974306 57.042629 399.338287
-8.874399 54.955452 401.894012
-8.927091 58.523678 395.878967
-8.748965 56.030396 401.000946
-8.820590 57.346657 392.207642
-8.816257 58.938953 393.305756
-8.709921 54.370033 402.254211
-8.761939 57.902737 391.375092
-8.690860 54.733570 395.830292
-8.682405 56.147816 394.371185
-8.682563 57.125641 392.777222
-8.635983 58.368080 396.635284
-8.538962 56.706512 400.343567
-8.628489 56.698315 393.705750
-8.561965 58.034847 397.912964
-8.594660 58.380085 391.530975
-8.521420 54.461273 396.319794
-8.470370 55.384579 401.810394
-8.509839 55.488918 395.377899
-8.461941 58.952541 394.694702
-8.361990 57.717274 398.847290
-8.282511 57.788326 391.850098
-8.282622 59.171001 393.237213
-8.204833 54.935902 396.056885
-8.209165 58.754108 396.369720
-8.212219 59.173145 392.334900
-8.155665 58.440010 397.210510
-8.184260 57.401302 392.671448
-7.971930 56.429665 401.165863
-7.952194 57.436829 399.896545
-8.065905 58.634167 391.635315
-8.052398 58.903419 395.758362
-8.020902 55.803883 395.246246
-8.007936 57.065010 393.688324
-7.877090 54.864468 402.496429
-7.809696 57.161510 400.409790
-7.914642 56.595978 394.491333
-7.869686 59.318005 393.906952
-7.789136 58.114777 391.761200
-7.627034 56.913235 400.972748
-7.749435 59.403301 392.674652
-7.663190 58.292847 398.347076
-7.658649 55.250343 396.141632
-7.655029 58.640743 397.481995
-7.558026 55.980923 401.859344
-7.653472 59.137409 395.287018
-7.634274 58.924389 391.898621
-7.619084 57.785381 392.819672
-7.547073 55.764137 395.693329
-7.484159 54.842693 396.654388
-7.532332 59.133156 396.082428
-7.432714 57.876373 399.456848
-7.509298 59.359505 394.618286
-7.457640 59.602497 393.165558
-7.236340 55.665527 402.464569
-7.277851 59.255596 392.195923
-7.268743 58.185646 392.362518
-7.104025 56.492702 401.734406
-7.128080 54.982021 402.979523
-7.049876 57.115852 400.988068
-7.129346 55.661434 396.228943
-7.173370 59.555420 393.877075
-7.133250 58.836891 397.456543
-7.136713 57.661434 393.501587
-7.098409 57.314289 393.976410
-6.969028 57.575947 400.373627
-7.021503 58.549023 398.386322
-7.051896 59.621632 392.659180
-7.025752 59.407074 395.426849
-6.979370 56.648224 395.118256
-6.960007 59.161221 396.645752
-6.953387 59.267971 396.000061
-6.876134 54.435547 397.304382
-6.831964 54.904263 396.955780
-6.892069 59.534679 394.747223
-6.795610 58.269878 399.315582
-6.783788 58.079201 393.127411
-6.760127 57.130199 394.427948
-6.766741 58.906952 391.981171
-6.632682 56.102997 402.420868
-6.713418 59.715557 393.394348
-6.686913 58.440895 392.450226
-6.626859 56.041393 396.065521
-6.518185 57.195370 401.246277
-6.583519 55.624237 396.479675
-6.585662 59.014423 397.417664
-6.411467 58.727276 398.395813
-6.307838 57.804790 400.410675
-6.306214 54.702656 403.519623
-6.241205 56.947365 401.831665
-6.234199 55.638783 403.014038
-6.299533 56.414379 395.721313
-6.284232 59.732906 394.681946
-6.193200 58.359264 399.433014
-6.251384 59.415413 392.308746
-6.220452 59.867916 393.824738
-6.116807 56.494221 402.321014
-6.169127 59.024372 397.895233
-6.189739 57.379299 394.572479
-6.078794 57.492634 401.075897
-6.161163 57.850006 393.981720
-6.027784 55.311947 397.137054
-6.048761 59.453773 396.669098
-6.033695 56.177601 396.311615
-5.980107 58.217865 393.430878
-5.936275 59.632656 395.660217
-5.763338 57.203064 401.561340
-5.786023 58.120251 400.260590
-5.851555 57.025036 395.341553
-5.682791 56.947277 402.124298
-5.763466 58.692909 392.474152
-5.746526 59.914822 394.556213
-5.680007 59.999775 393.672668
-5.609190 58.734127 399.105347
-5.584727 58.456543 399.604980
-5.582339 59.819027 395.172729
-5.457088 56.427326 402.614258
-5.444848 55.918926 403.062927
-5.477316 59.290737 397.403198
-5.470172 59.742573 392.836578
-5.439236 56.670605 395.985748
-5.400388 56.279060 396.419342
-5.350929 58.948689 398.332794
-5.336060 55.627991 397.180664
-5.286054 54.811794 403.960144
-5.204366 57.877605 400.800262
-5.212801 55.239376 397.602905
-5.145017 57.175598 401.877472
-5.194729 54.790676 398.016815
-5.252276 59.114326 392.411377
-5.243762 58.743641 393.016998
-5.130455 59.992062 394.763153
-5.012762 57.641369 401.274078
-5.117415 58.120949 394.189606
-5.063731 59.338257 397.967865
-5.037295 58.846355 398.967682
-4.972983 56.825916 402.380371
-5.002573 58.577847 399.606110
-5.034391 57.778320 394.711517
-5.041183 58.411152 393.670349
-5.004953 59.882454 395.794128
-4.995128 59.635353 396.797546
-4.952726 55.573608 403.495972
-5.018777 60.079414 393.544891
-4.874657 58.127144 400.390594
-4.906527 60.098080 394.239197
-4.811244 54.573559 404.175568
-4.882313 59.630215 392.687042
-4.781793 56.408081 402.819061
-4.790907 56.274441 396.653931
-4.767899 57.260876 395.609924
-4.621091 55.781849 397.098785
-4.621944 58.803810 393.259430
-4.552950 55.382893 397.694794
-4.478940 57.343166 401.912079
-4.519308 59.507729 397.901581
-4.540298 58.299194 393.969055
-4.454430 58.972389 399.136200
-4.383455 58.695412 399.630493
-4.430536 60.166225 393.781982
-4.328847 56.818127 402.550751
-4.420124 59.192745 392.654785
-4.343976 55.472858 403.646942
-4.367755 59.703247 396.859283
-4.318070 54.916847 403.997284
-4.251050 54.686279 398.274139
-4.176367 58.158325 400.797577
-4.130523 56.346077 402.978668
-4.164619 60.139740 394.916595
-4.089048 57.769165 401.301086
-4.149104 56.584087 396.518188
-4.123707 60.001503 395.548004
-4.022628 55.890560 403.367645
-4.088933 59.879456 393.243500
-3.988779 59.666149 397.441010
-3.985268 59.191387 398.682220
-3.912131 57.432354 401.811615
-3.985393 57.735352 395.061737
-3.950022 55.853962 397.315369
-3.961607 60.294342 394.203186
-3.973696 58.282772 394.330872
-3.900857 55.339100 397.779419
-3.773180 57.159096 402.305542
-3.785726 54.634918 404.233643
-3.801737 58.759979 399.612488
-3.720832 57.234219 395.836060
-3.700882 59.983486 396.136932
-3.680376 54.915859 398.286316
-3.665788 55.314785 403.838409
-3.669990 59.428711 398.098633
-3.564647 59.795418 396.894440
-3.561446 59.180927 392.826904
-3.443090 60.255829 394.537079
-3.460459 58.697639 393.691193
-3.344280 57.787849 401.298065
-3.351569 58.367775 400.539520
-3.309174 56.370464 403.071625
-3.319230 59.165710 398.886353
-3.307797 57.714802 395.418579
-3.272711 57.059578 396.236206
-3.205827 59.965298 396.477722
-3.197470 54.341255 398.865784
-3.086504 56.907734 402.495209
-3.102989 60.263466 394.076080
-3.122978 58.374325 394.355072
-3.071811 55.972198 397.428009
-3.094805 59.933544 393.304718
-3.038753 54.724396 404.259613
-2.993558 59.658661 397.535217
-2.967371 58.877693 399.519135
-2.953784 56.755116 396.603363
-2.925869 60.158905 395.293030
-2.925140 55.253231 398.131927
-2.807349 55.696926 403.630219
-2.785644 57.734921 401.512024
-2.683484 57.169563 396.149445
-2.651048 58.584240 400.097015
-2.629059 59.340973 398.299530
-2.600604 59.979176 396.396545
-2.545647 55.052986 404.047485
-2.576922 59.104931 393.089691
-2.500383 59.819275 397.058380
-2.484782 55.038738 398.462128
-2.475883 59.648182 393.170319
-2.392435 54.391479 398.902618
-2.362262 58.029377 400.945923
-2.387264 60.252197 394.154053
-2.296248 57.333332 401.980560
-2.349753 58.799049 393.513123
-2.277166 59.074959 399.083374
-2.160607 57.721497 401.562775
-2.199733 58.157757 394.834229
-2.150819 56.571552 402.844086
-2.148911 56.200325 397.421600
-2.110986 55.365753 398.146332
-2.110395 59.609131 397.785522
-2.047323 57.180847 396.204285
-2.035189 59.973034 393.638489
-2.035216 58.571239 393.967926
-1.959024 57.026546 402.426117
-1.989180 57.704079 395.411743
-1.939959 55.057697 404.047119
-1.926367 60.202736 394.719727
-1.886060 59.993877 396.468689
-1.858126 54.823780 398.617889
-1.807166 55.796284 403.471619
-1.803051 55.801735 397.815887
-1.784370 59.783642 397.118378
-1.790612 56.780285 396.741119
-1.719727 58.994331 399.270142
-1.701688 58.504894 400.316467
-1.611004 60.097717 395.886322
-1.638142 58.732990 399.798187
-1.552072 56.254547 403.135712
-1.513325 59.539154 397.801361
-1.476936 57.693012 401.448700
-1.507739 59.260296 393.126892
-1.271601 59.867287 393.719116
-1.225196 56.701111 402.522278
-1.211841 54.706867 404.064148
-1.213595 55.068691 398.436401
-1.175127 55.547932 398.040985
-1.147647 59.125977 399.088440
-1.152037 58.553566 393.980896
-1.085724 55.270473 403.804352
-1.076990 57.268036 401.866302
-1.093552 58.784435 399.605286
-1.037661 60.136208 394.143524
-1.005397 60.012581 396.036591
-1.060340 58.921417 393.284882
-0.989426 60.219990 394.697296
-1.015529 59.317593 398.548157
-0.973580 60.175030 395.453705
-1.021802 58.296772 394.551727
-0.981016 58.157337 400.678314
-0.970939 58.498440 400.130066
-0.904893 59.853832 396.961639
-0.878372 57.799274 395.280365
-0.867102 57.805183 401.199310
-0.850563 55.975647 397.767090
-0.820297 59.525097 397.966675
-0.773976 57.343819 395.992279
-0.760589 56.737133 396.881744
-0.671248 55.727242 403.296417
-0.677223 54.512600 398.920166
-0.559131 59.018524 399.051758
-0.495260 57.498432 401.574280
-0.511126 59.306252 393.267914
-0.468682 58.685566 399.581024
-0.404371 60.037086 395.936066
-0.431746 59.807964 393.681854
-0.405657 56.587563 402.520874
-0.363786 60.060604 394.252289
-0.268611 59.940948 396.499481
-0.303853 57.749115 401.030060
-0.244376 59.242756 398.596405
-0.230745 56.253407 397.401947
-0.238698 54.679878 403.881470
-0.231028 55.177265 398.449768
-0.248245 58.854717 393.549408
-0.206939 58.402523 400.048676
-0.105536 60.130032 395.391663
-0.116845 58.541279 394.143585
-0.072517 54.413063 398.990631
-0.054575 57.980610 395.063660
0.083829 56.171223 402.847137
0.068019 57.070240 401.824188
0.122603 59.516541 397.727936
0.162215 59.709400 397.149872
0.121593 58.971962 399.144745
0.129646 55.663643 397.933868
0.103009 58.155548 400.537811
0.168255 58.646069 399.662933
0.229334 60.090340 394.608521
0.243685 59.942909 395.886078
0.240810 57.244038 396.243347
0.295019 59.786987 394.033051
0.301190 56.118191 397.576996
0.305141 56.833130 396.836243
0.429557 59.853924 396.646088
0.425514 57.712185 395.459808
0.455880 59.206215 398.353363
0.466668 55.281567 403.378601
0.525506 60.081360 395.227631
0.595253 58.964943 393.529236
0.617910 55.735806 403.043518
0.676162 59.560066 397.513153
0.639671 54.719585 398.796051
0.652672 58.114765 394.898621
0.719875 55.157459 398.489838
0.769975 58.733105 399.426758
0.804578 58.490749 394.246979
0.778729 57.626617 401.073395
0.803277 54.376881 403.838837
0.911629 59.923756 395.872406
0.921563 56.354046 402.396301
0.940675 56.843231 396.694824
0.999611 59.954357 394.537292
0.992208 57.866405 395.280334
1.036232 54.943207 403.448151
1.118343 60.017223 395.225830
1.061775 57.252625 401.391022
1.142560 55.451454 398.191559
1.131195 56.800892 401.929199
1.152380 57.822437 400.575104
1.281045 54.560741 398.849945
1.325670 59.647381 393.932495
1.358246 59.581245 397.434296
1.336073 55.969585 402.608521
1.368082 57.507454 395.654907
1.371668 57.105785 396.322266
1.367184 55.857288 397.734436
1.351716 54.999489 398.453979
1.433894 59.832588 396.431732
1.385246 54.375221 403.611908
1.413898 55.487904 402.965973
1.479725 56.288593 397.221283
1.456555 58.284168 399.855957
1.543711 59.236713 398.196655
1.579525 59.991909 394.888397
1.556159 58.953999 398.713501
1.563313 54.985970 403.187225
1.653862 60.010693 395.449799
1.636805 58.681774 393.494110
1.681711 57.292244 401.192596
1.757660 56.300732 402.278198
1.832955 57.336090 395.946747
1.878703 57.790749 395.219116
1.859574 56.823910 401.554535
1.885754 58.315929 394.379730
1.905640 56.821602 396.517456
1.910563 54.790997 398.574860
1.911737 57.948322 400.259369
2.032906 55.965210 397.479706
2.023623 55.371380 398.045990
2.130210 59.239986 397.853119
2.090474 55.731972 402.631134
2.107058 58.534771 399.242157
2.102802 58.405964 393.189850
2.188771 59.851295 395.596436
2.288303 59.471016 397.015472
2.311533 59.640907 394.397552
2.287568 54.798897 403.210297
2.335695 57.971016 394.843262
2.333609 56.561249 396.792084
2.314350 57.159889 401.220428
2.412478 58.244007 399.621918
2.471660 57.433163 395.693115
2.455759 54.543110 398.633484
2.495788 54.999752 398.310883
2.513414 56.269417 402.060303
2.563355 59.048409 393.865387
2.661904 59.686432 396.080139
2.584718 57.347878 400.698547
2.702593 58.649242 398.973175
2.683537 55.734386 402.412079
2.732601 55.835915 397.459686
2.747116 58.137722 394.457214
2.777572 57.648811 395.180328
2.807179 59.117889 397.818695
2.827092 58.879131 398.329773
2.916397 58.241352 393.490936
2.920565 56.442410 401.664520
2.953625 56.332153 396.956879
2.952633 55.314716 397.901611
3.022829 56.893463 396.126068
2.996656 55.105366 402.640625
3.015470 58.218838 399.436707
3.067320 57.709972 400.192841
3.172758 59.542877 396.313965
3.185330 59.380733 394.351959
3.124788 54.747417 398.367035
3.262421 59.682423 395.266998
3.286388 58.472054 393.975067
3.373316 59.251751 397.137268
3.459978 58.755714 398.266693
3.474396 57.643261 394.961212
3.538139 59.439602 394.815247
3.487538 56.266926 396.774139
3.481380 55.505196 397.514587
3.597617 58.107605 399.188446
3.624777 58.064491 394.293549
3.590435 57.087322 400.652466
3.624393 56.340534 401.410889
3.716108 57.232483 395.484375
3.745149 59.087475 394.279602
3.719086 56.927185 396.013153
3.776618 59.273922 396.613373
3.801282 59.035000 397.426331
3.961340 57.646362 399.710449
3.982622 55.804665 401.800781
4.003033 55.813362 397.109497
3.993053 54.804684 397.924774
4.087131 59.391125 395.870422
4.065136 58.708759 393.833374
4.116418 59.288784 395.000092
4.072985 57.321014 400.138092
4.148451 58.180611 398.880371
4.126193 54.989594 402.234467
4.163522 58.198238 394.123871
4.173700 55.401520 397.438385
4.236951 58.759773 397.678314
4.282042 56.763866 396.038422
4.341185 57.763454 394.472748
4.432592 59.040798 394.549286
4.466593 55.992012 396.703552
4.547070 58.274902 398.446167
4.610429 56.681038 400.682434
4.670657 58.513763 397.925446
4.623656 55.633717 401.627777
4.694947 57.357887 394.934479
4.699257 56.944576 395.495575
4.704594 57.449200 399.540497
4.724330 58.004852 398.917511
4.784161 59.138325 395.932861
4.784373 58.856457 397.133759
4.739981 56.135418 401.122528
4.760003 57.147999 400.093109
4.821597 54.378712 402.354218
4.917048 55.285908 397.310760
5.002922 58.774776 394.421570
5.128629 58.192776 398.442932
5.134406 56.553722 395.880402
5.130279 56.451241 400.692169
5.231596 59.073689 395.352875
5.212761 54.720459 397.628021
5.271682 57.806690 398.832611
5.319399 58.326843 394.214264
5.311950 57.270264 399.603851
5.292360 55.558918 401.322845
5.404375 58.418518 397.525269
5.367463 56.703560 400.203217
5.384086 54.853809 401.769928
5.491273 55.943836 396.435547
5.567010 58.803467 396.380829
5.506091 56.030499 400.785248
5.559530 57.378643 394.701263
5.548755 55.407715 396.916595
5.604402 56.624508 395.504211
5.720773 54.840664 397.246674
5.744574 57.937172 398.414948
5.793450 58.507458 397.016205
5.809808 57.382721 399.192139
5.905999 58.831264 395.417572
5.918507 57.000332 399.739136
5.920752 55.928413 396.000397
5.935963 54.374275 397.531250
6.006652 56.994873 394.921234
6.046313 58.670177 394.906616
5.994779 54.760983 401.389252
6.014440 55.607204 400.890778
6.081075 58.705067 396.044525
6.110265 57.375549 394.358032
6.131937 55.064938 396.840302
6.164365 57.943237 397.946381
6.170578 56.485443 400.046356
6.230230 57.495235 398.679169
6.272863 58.297161 394.554901
6.370888 58.355621 396.827576
6.424744 55.733418 400.438019
6.453348 56.198292 395.768219
6.521748 58.586437 395.300995
6.606927 58.520672 395.876984
6.606621 58.000214 397.263153
6.587358 56.503765 399.565399
6.595904 55.240437 396.445526
6.729053 57.676540 394.304871
6.717347 54.740353 396.789520
6.805691 57.469276 398.413391
6.875820 56.891315 399.165588
6.932429 56.829464 394.628387
6.892963 55.075115 400.751434
6.974172 58.323086 395.101288
7.009118 57.729603 397.540283
6.992022 54.509022 401.097137
7.006761 55.707851 400.233398
7.067464 58.066040 396.828186
7.183946 58.014309 394.668976
7.177701 58.213268 396.057098
7.246667 54.942932 396.207855
7.269050 55.776001 395.481018
7.334748 57.357571 398.011047
7.341902 56.107918 395.011200
7.573645 57.764870 396.766174
7.536684 55.593018 399.989594
7.551558 56.881496 398.501068
7.618116 57.537209 394.534546
7.718385 58.065662 395.906097
7.715547 55.358303 395.451263
7.714540 54.374702 396.402100
7.766972 56.062435 399.241302
7.846734 57.927113 395.114716
7.807915 55.105663 400.104126
7.820960 56.469765 398.812866
7.945484 56.674263 394.439056
7.984479 54.311054 400.600555
8.108923 57.133747 397.521820
8.120550 55.691669 394.730652
8.182849 56.561573 398.303772
8.254874 54.780872 395.699951
8.394519 57.552094 396.314941
8.459444 57.519753 395.124237
8.577596 57.613983 395.671844
8.596907 57.110706 396.816925
8.727450 56.155067 394.482178
8.705939 54.368557 395.643005
8.714561 55.228554 399.231110
8.722486 54.341713 399.889740
8.740638 56.419445 397.912750
8.784276 56.832497 394.642090
8.766720 55.680969 398.794250
9.011454 56.700569 397.335175
9.052146 55.273296 394.742188
9.066653 55.908051 398.277069
9.175550 56.854839 396.738556
9.191878 54.695454 399.219696
9.238537 57.100597 395.769928
9.306807 55.971943 394.592194
9.301174 56.133480 397.699432
9.318359 56.494202 394.906403
9.471170 56.753376 396.182526
9.542933 55.578365 398.055786
9.593709 56.630306 394.371857
9.597598 56.291157 397.075714
9.685022 54.675411 398.844574
9.715466 55.076454 398.356903
9.742545 56.393288 396.503815
9.807067 56.444954 395.238403
10.000942 56.432808 395.975372
10.056985 55.738037 397.069458
10.110782 55.469879 394.749695
10.110621 55.411243 397.546967
10.144836 54.473309 394.731415
10.169290 56.028286 394.650940
10.166559 54.539680 398.286285
10.373827 56.085125 395.546570
10.504195 55.519318 396.726105
10.529844 55.746132 396.129578
10.564622 54.470516 397.806488
10.755556 54.693920 397.277222
10.880128 55.373379 395.704651
11.032657 54.669125 396.682739
11.053733 55.187965 394.890167
11.106620 54.835701 395.965454
11.359012 54.560619 394.995453
-13.912694 52.782360 393.656097
-13.821612 51.784351 394.319244
-13.837687 52.299374 394.582367
-13.813005 52.206123 393.115631
-13.817408 53.569836 393.313202
-13.700459 51.299122 395.055664
-13.751015 52.915321 394.644623
-13.668857 51.562325 395.651703
-13.629008 52.350800 395.506683
-13.662679 52.948292 392.222473
-13.531468 50.545288 395.045380
-13.682782 54.095669 393.175110
-13.514079 50.895969 395.774017
-13.524867 52.092194 393.898193
-13.574785 53.834881 391.944305
-13.558482 53.948162 393.950348
-13.391644 49.981892 396.050385
-13.475621 53.515774 395.303497
-13.378923 51.215504 396.375488
-13.356381 50.978748 394.710632
-13.461394 53.598633 392.530670
-13.290427 49.669285 396.896820
-13.355164 51.646389 393.549377
-13.344240 52.909405 396.296204
-13.363080 53.183228 395.794281
-13.226379 50.319199 395.583618
-13.269629 52.371471 396.488678
-13.243584 51.340046 397.042419
-13.347852 53.953747 394.949280
-13.171701 50.497852 397.144989
-13.072062 49.798740 395.285126
-13.049376 49.310238 395.854706
-13.083710 51.149612 394.147949
-13.133644 53.697048 396.067932
-13.050432 51.738155 397.449982
-13.044065 52.551441 397.028076
-13.035708 53.175903 396.692841
-12.934865 49.416203 397.592529
-13.033340 53.088684 392.269501
-12.893109 48.698330 397.633057
-12.897679 50.627037 394.727631
-12.905573 51.208965 397.945526
-12.952128 52.758564 392.786407
-12.838005 49.847622 398.136810
-12.840468 50.622654 398.194031
-12.730696 48.099327 396.921478
-12.757446 49.073605 398.249603
-12.696444 49.046474 396.502533
-12.817084 53.634357 396.961731
-12.818535 54.008953 396.496002
-12.753743 52.061092 393.481018
-12.731185 51.751690 398.168335
-12.662212 48.273144 398.124298
-12.664833 52.867329 397.713989
-12.701387 54.167439 392.093842
-12.576723 52.317120 398.299957
-12.603438 53.611298 392.436249
-12.489245 47.564045 397.997162
-12.509254 50.386608 398.792786
-12.483682 48.704807 398.804932
-12.475970 51.609768 398.779633
-12.379555 48.131054 397.501434
-12.393343 50.482193 394.977386
-12.477903 52.919312 393.172882
-12.354311 49.440578 395.664612
-12.357910 47.410625 397.234100
-12.430785 51.957233 394.056335
-12.430652 53.990276 397.324188
-12.358039 50.803574 399.185089
-12.343559 49.137112 399.159210
-12.317405 49.991791 399.185425
-12.317604 52.525116 398.779602
-12.213087 48.891766 396.083862
-12.235808 46.935604 398.103333
-12.255187 51.475117 394.559662
-12.220439 47.676937 399.036407
-12.192744 49.566509 399.588257
-12.191495 47.180340 398.653717
-12.132857 53.467175 398.641724
-12.015019 46.764629 397.537781
-12.095122 52.545513 394.201874
-12.102698 53.361706 393.176514
-11.909657 47.811539 396.761414
-11.978820 52.084572 399.609131
-11.899794 49.485088 396.112946
-11.964768 46.379330 398.496185
-11.899041 50.305122 395.655853
-11.858912 48.392807 396.345551
-11.932239 51.176922 399.778656
-11.905014 51.512978 395.065277
-11.863243 48.733730 399.867462
-11.861084 46.788750 399.196808
-11.820971 50.572121 400.047363
-11.804700 49.933243 400.147552
-11.781558 46.264874 397.824524
-11.780984 53.131313 394.023315
-11.789508 53.951881 393.074402
-11.779415 53.593410 393.589111
-11.717323 45.788448 398.272369
-11.682960 47.631355 399.966095
-11.640115 51.079872 400.280975
-11.630527 53.879543 398.992523
-11.534692 47.300808 397.234406
-11.528796 49.117359 400.450836
-11.563860 52.615711 394.796295
-11.467056 51.620159 400.456207
-11.483509 53.310833 399.677948
-11.471642 46.701962 399.835022
-11.417731 50.678719 396.024872
-11.455999 51.929138 395.418488
-11.352802 47.758850 396.902893
-11.365355 49.758556 396.370483
-11.425661 52.308235 400.271332
-11.376335 45.815762 397.706482
-11.405777 45.873756 399.354706
-11.328353 54.042614 393.502930
-11.189891 49.271984 396.654358
-11.201982 47.358692 400.537476
-11.185064 50.141338 400.817780
-11.099287 51.993855 400.840912
-11.066883 50.979797 400.983063
-11.082009 52.861916 400.600098
-10.991982 48.339378 397.029388
-10.992931 48.764801 401.106537
-10.948988 47.353954 397.213165
-10.979983 49.750092 401.183228
-10.983859 52.645832 395.392120
-11.001058 53.602322 394.577606
-10.925539 47.707623 400.935883
-10.898699 45.450214 397.923798
-10.913725 45.784363 400.136444
-10.881946 51.879486 395.935150
-10.807582 48.909924 397.038177
-10.844947 54.054989 400.166138
-10.816577 53.590466 400.522003
-10.766886 51.579006 401.240234
-10.755092 49.242115 401.393799
-10.749570 48.245388 401.244080
-10.757407 46.426579 400.631042
-10.721818 51.327980 396.335724
-10.656514 52.448727 401.183197
-10.629492 50.136909 396.965790
-10.641463 53.226826 401.055145
-10.590522 50.785183 396.781036
-10.615118 45.856331 400.619080
-10.571266 46.781429 397.512421
-10.487555 50.440155 401.690887
-10.453491 48.201820 401.764252
-10.511847 52.570068 396.036438
-10.440721 47.613701 397.461304
-10.465914 53.115070 395.629761
-10.392463 53.875050 400.866119
-10.321630 48.536831 397.554535
-10.331781 46.783997 401.463348
-10.309739 51.999264 396.395233
-10.221686 51.533752 402.021240
-10.244174 45.458698 397.801910
-10.263095 53.698219 395.380768
-10.212922 51.432339 396.725494
-10.187573 52.798767 401.744263
-10.183918 46.122028 401.196381
-10.187595 45.468639 400.879913
-10.095673 49.839043 397.497681
-10.042064 53.550625 401.472870
-10.008873 49.266361 397.670593
-9.998818 47.827190 397.826324
-9.950277 49.825909 402.348480
-9.968515 51.120167 397.196808
-9.977315 52.901196 396.210297
-9.940597 54.217663 401.284485
-9.950446 52.419003 396.635345
-9.914554 46.901474 397.904449
-9.847758 52.289364 402.202118
-9.810273 46.755486 401.945007
-9.785097 48.526485 402.330536
-9.816437 48.529293 398.017426
-9.752333 47.561138 402.277283
-9.776618 50.593277 397.525818
-9.685706 50.747112 402.620087
-9.638129 49.064636 402.620331
-9.635141 50.029140 397.734436
-9.520426 48.049778 402.580536
-9.549745 54.028389 401.780731
-9.575695 53.423183 396.233704
-9.478373 52.609493 402.622650
-9.488639 54.219643 395.748840
-9.457910 45.647053 401.760956
-9.483864 51.537945 397.281555
-9.479284 45.986702 398.090668
-9.400349 47.058121 402.449371
-9.460469 47.256100 398.226379
-9.443294 52.280941 396.997314
-9.290855 49.458736 402.961029
-9.300376 46.387463 402.327209
-9.248561 47.557571 402.674683
-9.318187 51.151691 397.686859
-9.248542 51.847515 402.875275
-9.289924 49.564449 398.187164
-9.203804 51.147552 403.068665
-9.196548 53.352211 402.377045
-9.138808 48.297634 402.966888
-9.119647 48.885227 403.028900
-9.154525 48.417461 398.463135
-9.023772 50.448376 403.157471
-9.061535 54.075966 396.156830
-9.000205 52.441402 403.032806
-9.016187 52.816006 397.078888
-8.986545 51.686474 397.565033
-8.865989 46.846523 402.823334
-8.956377 50.802242 398.007843
-8.939347 50.206577 398.181488
-8.897359 46.734447 398.544159
-8.808197 45.502697 402.510803
-8.791666 46.096325 402.766693
-8.777591 45.663349 398.351471
-8.742846 49.364235 398.529297
-8.701436 47.531445 398.737518
-8.636506 53.936848 396.564667
-8.623559 52.231533 397.635101
-8.615416 48.873306 398.815247
-8.477074 47.194553 403.283417
-8.577454 53.499859 396.955658
-8.512057 52.846889 403.124176
-8.461621 49.610077 403.646393
-8.413917 48.735680 403.613434
-8.476136 47.002926 398.801422
-8.376272 45.551586 402.893768
-8.302716 51.285793 403.645111
-8.404099 50.949089 398.278473
-8.225211 47.750500 403.546478
-8.287749 48.397816 398.976898
-8.156388 46.380444 403.307983
-8.191523 53.834999 402.781006
-8.050250 52.447060 403.565643
-8.113242 45.524094 398.711639
-8.078160 46.216412 398.931458
-8.087352 50.408161 398.698792
-8.002645 54.255268 396.854279
-8.054670 49.449821 399.082275
-7.901885 46.927429 403.610992
-7.881565 50.482273 404.031464
-7.944560 47.320641 399.178009
-7.805547 45.926212 403.283783
-7.918898 52.148762 398.129486
-7.779060 51.105438 404.078705
-7.749879 48.964531 404.134125
-7.819679 51.563667 398.469208
-7.655704 47.723713 404.002869
-7.652589 49.615829 404.182953
-7.673094 53.601772 403.254242
-7.716069 53.343872 397.539276
-7.585159 52.766003 398.119324
-7.552207 45.734505 398.966125
-7.426155 50.233017 404.281982
-7.410076 46.168316 403.732758
-7.476006 54.077717 397.196381
-7.416341 51.782467 404.061493
-7.374108 48.390484 404.195251
-7.395598 53.114723 403.744110
-7.379289 54.201477 403.288086
-7.456588 48.584179 399.445557
-7.450634 51.289379 398.876434
-7.403780 47.078064 399.279602
-7.372457 47.724304 399.386292
-7.185719 45.380554 403.604706
-7.319147 49.834515 399.379639
-7.146827 48.905300 404.379486
-7.195600 53.720486 397.722748
-7.000362 52.638618 404.073151
-6.962482 47.837635 404.303619
-7.128726 49.311100 399.587769
-6.959981 49.464485 404.427063
-6.961903 50.604912 404.431610
-7.051346 52.482117 398.525299
-7.049955 51.768948 398.823578
-7.015297 50.321716 399.243317
-6.811530 46.891975 404.128235
-6.999240 50.930290 399.171173
-6.898552 46.399307 399.369537
-6.810092 53.372749 403.971527
-6.731162 51.521008 404.450317
-6.814619 47.197475 399.528381
-6.667012 48.470516 404.484955
-6.617860 45.537262 404.013977
-6.576062 45.446117 399.225464
-6.634147 49.852898 399.615509
-6.392697 47.870289 404.578369
-6.420013 54.213692 403.810760
-6.328009 52.201374 404.430878
-6.277431 48.935555 404.730377
-6.284473 49.603477 404.825623
-6.419261 52.863972 398.766052
-6.369294 53.406979 398.417206
-6.416941 52.152313 398.960510
-6.378955 48.451660 399.758423
-6.225729 45.973492 404.314056
-6.365068 51.214672 399.247894
-6.164387 50.258129 404.797180
-6.339323 50.458229 399.534851
-6.257381 47.491657 399.710541
-6.137823 54.298794 397.882538
-5.986087 46.535412 404.604004
-5.930411 48.288540 404.788910
-5.973188 45.477337 399.406830
-5.890173 47.311214 404.633209
-5.902352 51.580280 404.807434
-5.893850 53.711956 404.265442
-5.872720 50.910198 404.824127
-5.904249 52.414265 399.068420
-5.906134 51.757423 399.304993
-5.787572 46.434307 399.798431
-5.805921 53.588562 398.514923
-5.677442 45.650547 404.512360
-5.755591 47.674084 399.927002
-5.590972 52.327328 404.735199
-5.747253 50.918026 399.602142
-5.513433 45.885967 399.540405
-5.621784 49.475380 399.919098
-5.397833 49.743359 405.070801
-5.374076 47.117298 404.936615
-5.355131 54.197491 404.164062
-5.511112 50.048733 399.846954
-5.299951 48.146152 404.778046
-5.437005 53.242420 398.909515
-5.369901 47.044460 399.834015
-5.452176 52.161549 399.356110
-5.225185 48.891945 404.840424
-5.305894 54.285492 398.324829
-5.361706 48.215290 399.944611
-5.206729 53.506233 404.539276
-5.215390 46.292980 399.782013
-5.105747 45.946629 404.584595
-5.033411 46.567364 404.946259
-5.008690 50.878899 405.085632
-5.097825 47.661167 400.050995
-4.986620 52.969585 404.753906
-4.840748 49.311283 405.171173
-4.835956 50.179169 405.182556
-4.928040 50.261654 399.948456
-4.718360 48.358047 405.168640
-4.841506 52.395935 399.386627
-4.674052 45.619152 404.910583
-4.670107 52.066677 405.000092
-4.806749 49.669037 399.988983
-4.647138 45.608948 399.723572
-4.720573 48.993252 400.103699
-4.532159 47.409073 405.212067
-4.586277 47.171715 399.988739
-4.456535 53.695534 404.613373
-4.482918 53.885834 398.842316
-4.387597 50.557140 405.205322
-4.482970 53.029427 399.326508
-4.509431 50.963711 399.923889
-4.398506 47.744514 400.251770
-4.276268 46.488972 405.147064
-4.294477 54.267597 404.393707
-4.324953 46.601528 400.031311
-4.253332 46.009472 404.850403
-4.168907 49.940994 405.314850
-4.313341 52.230293 399.626312
-4.225293 48.300991 400.362762
-4.078887 49.288269 405.370819
-4.018639 53.108967 404.805786
-3.994459 45.799324 399.848602
-3.952760 45.659122 405.235504
-3.907026 51.452503 405.065430
-4.029926 49.740803 400.192749
-3.930245 52.767059 399.488922
-3.765260 50.618450 405.281952
-3.682154 48.073757 405.425751
-3.675359 46.635136 405.322174
-3.700970 52.565418 405.041901
-3.635017 53.896400 404.650238
-3.682314 48.487972 400.365967
-3.533514 49.776230 405.440033
-3.518157 47.254780 405.377686
-3.516619 51.930817 405.161224
-3.611546 53.329632 399.421478
-3.479378 46.666637 400.269501
-3.447966 47.559906 400.306549
-3.483857 49.181786 400.321869
-3.432784 49.774818 400.274292
-3.301932 53.104992 404.894501
-3.408899 52.058388 399.830017
-3.222128 45.841911 405.338593
-3.169956 50.253738 405.407043
-3.188637 45.873093 400.082367
-3.126010 49.359516 405.474762
-3.107176 46.881798 405.479279
-3.058730 47.589447 405.239014
-3.209811 50.755791 400.215363
-3.202030 52.779491 399.656372
-3.029615 51.182247 405.091278
-2.992644 48.719837 405.498199
-3.082732 48.538387 400.456848
-2.998373 52.437561 405.045563
-2.851908 53.550537 404.738098
-2.812990 49.776791 405.238861
-2.776260 54.111996 404.478821
-2.753765 49.463039 400.483398
-2.711063 53.293415 399.515381
-2.611238 46.464306 405.175873
-2.574602 47.688366 405.543701
-2.595100 45.739391 400.229950
-2.581844 46.678204 400.308197
-2.647896 51.564674 400.138977
-2.525207 48.024269 400.479767
-2.541182 52.503052 399.898773
-2.341945 51.151588 405.261078
-2.242106 49.537579 405.526459
-2.210706 48.457813 405.296539
-2.231881 52.159462 404.893280
-2.158866 47.287380 405.308502
-2.214062 49.982105 400.371887
-2.204819 53.058804 399.774780
-2.121303 45.422863 405.407440
-2.172348 51.970547 400.070770
-2.087527 53.886116 404.547424
-2.049258 47.973484 405.571136
-2.104783 50.820404 400.355804
-2.085030 53.593056 399.444580
-2.061400 48.386478 400.614716
-2.061815 49.078224 400.518982
-1.891192 46.111526 405.213348
-1.852441 45.825096 400.327148
-1.819389 50.552338 405.347900
-1.812448 53.142120 404.836517
-1.739958 48.714748 405.569305
-1.754901 52.666653 399.964569
-1.699715 46.950573 400.483765
-1.563281 49.307419 405.296387
-1.556376 47.797413 400.576263
-1.532959 51.880898 400.128876
-1.488052 54.235584 404.359955
-1.458015 51.512127 405.184662
-1.477042 53.308746 399.634918
-1.387402 46.204990 400.401459
-1.364388 46.256023 405.524750
-1.321413 48.851971 400.517487
-1.280056 47.253868 405.625214
-1.249996 52.559631 404.951935
-1.246395 50.068539 400.504120
-1.248705 51.313728 400.359619
-1.182590 54.229855 399.121857
-1.143821 48.682747 405.588501
-1.133884 47.951427 405.516449
-1.133277 46.708912 400.523346
-1.145266 52.430737 399.935364
-1.111456 45.515213 400.287140
-0.945155 49.558392 405.484924
-0.972715 53.672565 399.376678
-0.876522 50.131390 405.434631
-0.809497 52.039711 404.823456
-0.824303 54.261322 404.248199
-0.790456 51.686123 400.145599
-0.763661 53.214016 404.730133
-0.713121 49.273167 400.645538
-0.697573 53.161556 399.696289
-0.668239 47.144176 400.640503
-0.563041 48.566109 400.647614
-0.563185 50.966293 400.385010
-0.508834 52.429394 400.065399
-0.526668 45.905521 405.505188
-0.509843 48.190895 405.527832
-0.471087 47.864780 400.636078
-0.425344 51.329964 405.160370
-0.321021 47.164932 405.376953
-0.291953 50.012180 405.290985
-0.246890 52.446747 404.611481
-0.233931 46.154625 400.418671
-0.199473 51.879890 400.183044
-0.198435 46.522053 405.552734
-0.176568 53.868893 399.472290
-0.052563 49.635937 400.549500
-0.079732 50.641808 405.248535
-0.007142 45.426884 405.389282
0.023543 47.919285 405.526459
0.093026 52.993549 399.669281
0.148088 48.244789 400.701324
0.130659 47.028492 400.524628
0.115581 49.358521 405.358734
0.179103 48.918373 400.615631
0.137798 53.946632 404.192230
0.170916 53.381317 404.422516
0.206964 48.626064 405.457306
0.219722 45.380642 400.212006
0.301699 50.638332 400.372498
0.278474 52.360664 400.010864
0.287867 51.694984 404.894623
0.378023 51.609447 400.153900
0.361646 49.872246 405.253876
0.351760 46.375301 405.468567
0.379799 52.318806 404.778320
0.570660 54.230202 399.204193
0.732459 49.407852 400.625916
0.777294 48.072987 400.635101
0.770184 50.901691 404.992859
0.810959 47.459789 405.385559
0.850313 51.527138 404.823700
0.945072 50.867428 400.457184
0.902045 50.213398 405.157684
0.966561 52.780437 399.828339
1.049200 50.115112 400.453308
1.008352 47.513180 400.566223
1.000958 45.639893 400.239044
1.090919 52.039967 400.139099
1.019177 46.587345 405.373810
1.041080 52.696331 404.449158
1.073487 48.190746 405.268585
1.059941 45.529518 405.293457
1.081801 52.098324 404.620148
1.151143 49.166363 405.261536
1.195846 46.326443 400.391083
1.267635 53.660152 399.440308
1.346369 48.541061 400.570526
1.342847 50.602264 404.958801
1.395461 47.016064 400.496490
1.477978 51.311123 400.244476
1.495461 49.734219 400.515289
1.535364 48.009052 400.546265
1.485931 51.298328 404.730072
1.463202 46.193642 405.343628
1.598552 50.718056 400.448090
1.520635 53.384319 404.102203
1.631027 53.184460 399.602905
1.661955 51.930462 404.461151
1.774746 45.423351 400.165375
1.889226 49.680935 404.988495
1.895634 45.983067 400.268311
1.940529 47.377865 400.575806
2.031531 51.715450 400.044556
1.981096 50.383919 404.852936
2.169240 51.113430 400.271179
2.050071 47.908497 405.154083
2.054361 46.704971 405.208801
2.094996 51.110088 404.633057
2.103880 49.109692 404.994171
2.105434 48.521313 405.125153
2.193498 48.241482 400.510864
2.199923 46.753441 400.419891
2.223653 51.987103 404.334442
2.208009 54.242290 403.442627
2.261324 52.607513 404.119415
2.385387 52.563091 399.761230
2.386552 47.421925 405.055481
2.482371 47.698380 400.433197
2.501774 53.931763 399.037201
2.605976 48.686653 400.410614
2.513436 53.382637 403.870758
2.663390 51.596943 400.105408
2.575693 46.237625 400.263611
2.689797 49.436031 400.421600
2.591724 49.770287 404.767426
2.597692 48.076931 404.911987
2.678988 53.236500 399.358917
2.626494 50.363358 404.680298
2.699636 48.638649 404.952881
2.835208 50.020367 400.358398
2.741446 51.671082 404.250763
2.757815 51.011086 404.433838
2.904468 50.969326 400.226562
2.769614 45.911678 404.994598
2.842215 46.922134 405.006195
2.883125 52.403999 404.104340
3.007129 52.095112 399.839996
3.054965 46.856331 400.275116
3.086637 45.799721 400.178925
3.092831 53.679756 403.414703
3.110429 48.985371 404.739441
3.197345 48.444653 400.392944
3.186273 50.292797 404.524200
3.334468 51.446980 399.966125
3.298341 52.994549 399.423950
3.366440 50.939075 404.234650
3.349871 54.190807 403.105225
3.471081 47.393478 400.349609
3.556415 50.850555 400.062164
3.469147 46.348507 400.251678
3.444359 46.946854 404.719666
3.462476 51.552753 404.074524
3.480435 48.005520 404.664642
3.595140 49.519241 400.233673
3.689161 51.977619 399.761078
3.612320 53.339535 403.436890
3.699264 53.944275 398.722076
3.676325 46.226982 404.682953
3.690070 49.554104 404.551727
3.717002 50.257050 404.268402
3.891273 51.374249 399.822571
3.794508 45.854084 400.097015
3.917210 48.457424 400.282257
3.876277 52.414223 403.600189
3.886552 54.248165 402.839142
3.946212 47.332954 404.508453
3.989389 50.774303 404.129547
4.003779 49.002995 404.384735
4.034376 46.518215 400.088348
4.130593 50.581406 400.037933
4.164460 49.904221 400.116364
4.095763 46.694633 404.547852
4.109409 45.388756 399.836853
4.121168 51.380489 403.910278
4.128883 53.624294 403.090240
4.200779 54.075611 398.445404
4.349163 52.524891 399.310486
4.416048 51.105343 399.840027
4.425420 47.925594 400.134338
4.384299 48.290585 404.382324
4.394126 49.962280 404.069397
4.453878 54.039928 402.645752
4.502781 46.966961 400.026337
4.481180 52.097229 403.464813
4.495021 49.309189 404.214355
4.570060 45.994656 399.963226
4.581205 47.311779 404.424896
4.713048 51.922771 399.457855
4.683669 52.619839 403.278290
4.810141 50.172718 399.958954
4.777772 53.305187 398.711517
4.759103 51.389900 403.527466
4.768854 46.131077 404.343903
4.904548 48.950253 399.955536
4.921876 51.287788 399.615662
5.085451 49.511635 399.926971
5.069365 46.700722 399.826874
5.129018 52.267067 399.223175
5.154368 48.419849 399.903046
5.109291 54.218781 398.006836
5.188206 50.760368 399.673340
5.127275 52.846859 402.886810
5.137284 52.266682 403.122986
5.174260 47.096115 404.152161
5.175584 50.766994 403.570740
5.205070 45.660889 399.661102
5.202738 49.272179 403.848816
5.373647 50.034897 399.675171
5.404186 47.211437 399.796600
5.438613 51.372524 399.358185
5.386868 46.198204 404.051422
5.377576 50.007473 403.678406
5.429391 51.527412 403.247284
5.506112 52.533947 398.829163
5.531434 46.279987 399.554901
5.497053 48.424450 403.945282
5.551364 53.777435 402.252655
5.672158 48.146690 399.700989
5.658527 52.696320 402.732666
5.761891 49.535194 399.672943
5.820668 50.898140 399.407379
5.887399 52.862865 398.543304
5.865776 52.013752 402.943817
5.871919 50.425900 403.341125
5.904711 53.215271 402.376526
5.970237 53.409771 398.166290
5.957748 45.672611 399.304291
5.935205 51.096249 403.119995
6.011193 49.061234 403.487274
6.094516 51.804443 398.952423
6.051735 46.543804 403.743774
6.077373 45.989277 403.684540
6.158289 51.219093 399.020844
6.090358 49.740112 403.317383
6.225859 46.459728 399.411743
6.214854 47.104492 403.600067
6.220372 48.066555 403.610779
6.250768 51.511677 402.851471
6.318275 50.277969 399.241333
6.337825 47.245052 399.385101
6.344872 48.669216 399.400726
6.330741 52.654823 402.407318
6.417078 50.267548 403.082458
6.479838 53.426197 397.741974
6.491638 54.241280 401.528290
6.662393 52.900909 397.992279
6.706433 49.409985 399.172089
6.707868 53.606483 401.736298
6.731901 48.297997 403.320801
6.789382 46.770046 399.203247
6.802033 52.401802 398.261810
6.803323 54.223766 397.136017
6.791492 52.333942 402.262054
6.849182 47.853226 399.235504
6.841444 45.496166 399.000977
6.824399 49.279392 403.068878
6.916477 53.692669 397.434906
6.894423 46.409843 403.257111
6.936548 51.837708 398.455261
6.927335 50.957745 402.613770
7.016706 50.826260 398.706360
7.018610 50.128201 398.878387
7.023849 47.319698 399.154877
7.078266 48.579330 399.042023
7.134229 47.455891 403.047028
7.198818 52.722633 397.786255
7.218268 53.382153 401.545807
7.248721 45.925678 402.980927
7.290864 52.128796 398.094116
7.233165 49.958893 402.629120
7.326314 46.248520 398.856842
7.375711 45.662048 398.752991
7.380374 51.434895 402.224579
7.443051 48.623039 402.773529
7.465214 46.958855 402.900269
7.500230 54.119404 400.980194
7.525671 48.815243 398.785858
7.560819 47.546368 398.846649
7.590942 53.775227 396.983734
7.656595 49.947277 398.521606
7.617922 51.982826 401.864594
7.685659 52.968685 397.408539
7.621747 50.284348 402.308258
7.645524 53.600414 401.219238
7.696674 51.647621 398.057953
7.637935 49.541180 402.545624
7.660030 47.585506 402.734833
7.663694 52.950329 401.436981
7.794879 46.791321 398.673187
7.802533 48.333111 398.601135
7.814818 52.283417 397.653656
7.843595 51.026875 398.086853
7.839241 45.646431 402.420349
7.841933 50.843315 402.061432
7.861351 48.137009 402.532623
7.940330 49.053829 398.466644
8.001670 50.330490 398.184143
7.989469 49.093975 402.394318
8.133135 45.742180 398.402130
8.213573 51.750568 397.672638
8.227984 52.925320 397.123108
8.184444 46.686852 402.390594
8.253801 50.503922 401.851379
8.261469 51.864655 401.541382
8.291362 53.413544 400.733276
8.324306 51.194508 397.805084
8.292002 51.074287 401.758728
8.404304 46.366081 398.294281
8.403623 49.423374 397.988983
8.388267 48.601185 402.156921
8.489772 48.231781 398.165985
8.467231 52.496571 401.147003
8.538801 46.987019 398.270569
8.560864 50.597061 397.646790
8.527760 47.766678 401.983704
8.582484 45.875629 401.798859
8.551005 49.553341 401.827454
8.686048 51.922497 397.212250
8.744330 45.629524 397.998688
8.772227 53.818207 396.105103
8.771632 51.231289 397.392670
8.800953 53.077412 400.497406
8.843492 46.860226 401.655853
8.881372 49.860401 397.754272
8.842478 51.712471 401.048798
8.984528 52.782001 396.554871
8.961853 52.323475 400.738129
9.036490 47.177349 397.847870
9.055834 48.582672 397.864746
9.050151 48.920238 401.579498
9.151354 53.941090 395.589050
9.141997 46.160278 397.746155
9.079818 51.003925 401.064880
9.179393 53.284237 396.101471
9.154669 45.669750 401.058441
9.234542 51.559711 397.008514
9.234637 50.774639 397.261749
9.223247 48.002285 401.391632
9.294303 49.429516 397.404541
9.310240 47.288593 401.307526
9.375026 46.731476 397.590912
9.317945 50.313339 401.118286
9.386209 53.596828 399.666168
9.393652 46.187664 400.988342
9.349532 51.769836 400.613800
9.397414 48.195400 397.566376
9.418354 46.185017 397.263824
9.367749 49.377777 401.259247
9.471692 52.247616 400.291992
9.537239 51.876190 396.625214
9.531119 50.017086 397.308960
9.574173 54.090717 395.131439
9.582043 52.821499 396.018829
9.586903 45.548168 397.446747
9.574627 47.364498 397.560516
9.631516 53.500538 395.553802
9.621192 48.600475 401.075897
9.622447 51.188164 400.597504
9.686870 46.996609 400.833954
9.742805 46.343273 397.829742
9.735671 52.959808 399.698914
9.713264 49.938114 400.870758
9.784389 45.754879 400.194672
9.760874 47.823231 400.851288
9.771109 51.668324 400.231110
9.854386 53.774487 399.080750
9.819542 49.358227 400.773010
9.914190 50.257763 396.889526
9.944039 52.102123 396.218445
9.947780 46.853119 397.480469
9.953822 48.993855 397.032745
10.089992 52.448689 395.736603
10.096792 45.635876 398.481567
10.101642 53.826111 394.842377
10.083822 50.814640 396.608124
10.031745 48.766754 400.620728
10.079228 48.330486 397.130493
10.075164 47.302349 400.393585
10.089694 49.690426 397.039795
10.188536 53.280190 395.255096
10.195115 51.606686 396.102631
10.207480 46.667126 399.967896
10.210088 48.096371 400.392426
10.217259 52.151203 399.651520
10.280733 45.891064 399.011261
10.252345 47.778736 396.917572
10.260041 47.295677 397.248047
10.275868 48.847408 396.262299
10.259994 50.425976 400.142517
10.274421 49.319870 400.199554
10.335768 46.353649 399.399292
10.334090 48.314190 396.541809
10.360232 46.352966 397.710693
10.433043 46.123009 398.377197
10.483068 53.873821 398.388580
10.448940 47.100891 399.698730
10.450748 47.621349 399.942474
10.525648 52.072052 395.545410
10.525990 52.990902 398.847931
10.548740 46.962376 397.645142
10.515298 48.682980 400.186523
10.601164 52.755962 395.336029
10.591525 49.093002 396.637451
10.564704 51.321003 399.569916
10.621098 49.811272 396.573639
10.629406 46.874287 399.166595
10.648303 50.598431 396.263062
10.668812 46.685589 398.161804
10.821570 47.514664 399.218018
10.816058 48.717327 399.661957
10.845054 48.157753 399.375702
10.870901 47.131893 398.604828
10.875315 48.442062 396.930756
10.940266 53.994404 395.017639
10.890855 47.446934 397.433350
10.942169 51.252930 395.694916
10.892842 49.807796 399.485168
10.945586 51.921974 398.838226
11.005472 52.743008 398.380615
11.068620 53.935810 397.402771
11.081182 52.282162 395.476562
11.123614 53.422749 395.061951
11.091635 47.747803 398.020813
11.099631 51.362957 398.730255
11.121496 48.313950 398.865997
11.221927 50.111462 398.978394
11.289721 50.129967 396.460236
11.252093 50.802753 398.785858
11.303925 50.669369 396.156830
11.371268 54.011486 396.719482
11.302859 49.268185 396.712830
11.386180 52.835583 395.360565
11.381957 53.241314 397.487457
11.329906 48.660717 398.359009
11.342063 49.254559 398.783875
11.383106 48.536053 397.235077
11.391263 51.702545 398.309662
11.458755 51.598103 395.780518
11.430396 52.337471 398.019409
11.502944 53.937183 395.178253
11.556906 54.050068 396.000000
11.638959 53.203053 396.914825
11.585600 49.645065 397.886749
11.590589 49.064793 397.542480
11.668506 50.530178 398.022095
11.678046 49.622623 397.297577
11.724206 49.858624 396.201263
11.733286 51.479229 397.574310
11.822513 53.233257 396.192963
11.852228 50.442032 396.387177
11.890651 50.429234 397.228973
11.945326 51.157818 396.460327
11.994912 52.668983 395.420807
11.958877 51.509670 396.933228
11.982635 52.266315 396.574463
12.023072 51.945190 395.548584
-11.313162 45.314877 398.690125
-10.888268 44.793362 398.922363
-10.829681 44.884747 398.083466
-10.666636 45.030544 399.857971
-10.547205 44.406967 399.385498
-10.380345 45.138294 400.391998
-10.341423 43.949520 398.948639
-10.242524 44.177303 399.931427
-10.062022 44.596554 400.459961
-9.879254 44.961163 401.017151
-9.836271 44.693691 397.951324
-9.742725 45.292233 397.984314
-9.660975 43.410305 399.148895
-9.648860 43.504086 399.731903
-9.610157 43.710197 400.304535
-9.437549 43.732861 398.505615
-9.433907 44.289570 401.161835
-9.350405 43.216251 400.208923
-9.333516 43.004658 399.631561
-9.207065 43.073368 398.985565
-9.102592 43.580227 397.962433
-9.042441 44.774326 401.957977
-8.962852 43.195492 398.405609
-8.955668 43.041767 400.678680
-8.918668 42.593723 399.402832
-8.917631 44.629597 397.998993
-8.833263 42.643433 398.768494
-8.708365 44.240231 401.833252
-8.634055 42.351589 399.929169
-8.527507 42.819653 401.016113
-8.494360 44.924366 402.508514
-8.444381 43.301666 401.553040
-8.415064 44.210316 398.324310
-8.400263 43.432079 398.118652
-8.349559 44.357498 402.295807
-8.297301 42.218609 399.163300
-8.237954 41.987808 400.121948
-8.083052 42.496033 401.232574
-8.043923 43.374660 402.067047
-7.951267 43.926846 402.429688
-7.872674 42.778069 398.333527
-7.805641 45.324116 403.250183
-7.829057 41.802338 400.672028
-7.801290 44.636692 398.596527
-7.694578 44.479301 403.052979
-7.698200 41.941536 398.755219
-7.697578 43.470364 398.304596
-7.689093 44.040180 398.468201
-7.628837 42.879112 402.016510
-7.629973 42.385372 401.600922
-7.592056 43.437912 402.466766
-7.443718 41.515011 399.319336
-7.411968 41.727215 401.199890
-7.363772 41.410412 400.431793
-7.263261 43.906158 402.991241
-7.225774 44.848789 398.834259
-7.227468 42.016094 401.774506
-7.192497 42.748562 402.444092
-7.174100 42.486176 398.485626
-7.191332 41.180214 399.844238
-7.141717 41.884720 398.579712
-7.104118 43.242886 398.356537
-7.033838 44.687988 403.572296
-6.935752 41.415405 398.851715
-6.899391 43.901127 398.663605
-6.928761 41.221405 400.980927
-6.831740 44.440197 398.829285
-6.844038 40.907391 400.352509
-6.721275 42.387112 402.512421
-6.716892 41.985840 402.107391
-6.700228 43.406380 403.151855
-6.644215 44.960381 403.970551
-6.627931 42.818375 398.399231
-6.536260 41.248440 401.598724
-6.482801 42.233837 398.285248
-6.449361 43.501217 398.617645
-6.451562 41.643814 398.444061
-6.463148 40.737053 399.826477
-6.391692 44.420059 403.846191
-6.428821 40.772594 401.022186
-6.272948 44.734341 399.062592
-6.259130 40.984436 399.050995
-6.286294 40.580090 400.361725
-6.110141 43.814045 403.783539
-6.068925 43.956806 398.844482
-6.066960 43.043770 398.544220
-6.099832 43.247120 403.485291
-6.059592 41.117065 402.026642
-5.977012 40.794895 401.518860
-5.913085 42.509777 398.429749
-5.918102 42.135090 403.007172
-5.866199 40.396832 399.909851
-5.814963 41.629158 402.614563
-5.769271 42.637535 403.386597
-5.778852 40.473019 400.935455
-5.697305 41.977783 398.373871
-5.656632 44.653343 404.412720
-5.567005 45.086700 399.308990
-5.590974 40.365845 399.347656
-5.545895 40.172058 400.418884
-5.470621 44.340828 399.112640
-5.462183 41.160114 398.413788
-5.506085 40.912697 402.089569
-5.397590 43.412151 404.029297
-5.398222 40.428543 401.517151
-5.364202 42.055389 403.196625
-5.280022 43.375874 398.724609
-5.315021 40.127693 399.798706
-5.295084 41.278816 402.669769
-5.229348 43.918182 404.335022
-5.200755 40.583611 398.800507
-5.226495 42.468582 403.656464
-5.122210 40.107067 400.972229
-5.015336 40.152706 399.244843
-4.972309 41.545929 398.263611
-4.950493 45.135143 399.474823
-4.896448 40.479362 402.036469
-4.820983 40.951885 398.425293
-4.818815 39.964039 400.275879
-4.714822 44.049774 404.622772
-4.679066 43.443718 398.883209
-4.714421 40.091869 401.532318
-4.649776 43.075409 404.222900
-4.643419 39.870312 399.657562
-4.592140 42.594448 398.563110
-4.587068 45.040726 404.658051
-4.612078 42.498356 403.898651
-4.455432 40.434887 398.555878
-4.408990 44.881210 399.435028
-4.485099 41.476814 403.257660
-4.367708 44.330318 399.367645
-4.437950 39.869900 400.906677
-4.412164 40.464901 402.468842
-4.239699 43.815975 399.169769
-4.287827 41.952572 403.742340
-4.245885 40.070408 399.149414
-4.258560 40.954868 402.963593
-4.144435 40.877857 398.161133
-4.062404 44.769535 405.017822
-4.027494 41.833893 398.350830
-4.003695 42.645855 398.648529
-4.064961 39.778835 401.470184
-3.899170 44.166828 404.709930
-3.822817 40.176617 398.440857
-3.843635 43.060390 404.607391
-3.720796 41.359180 398.296478
-3.751546 39.740520 399.114349
-3.671508 43.718719 399.201019
-3.660421 43.014000 398.953766
-3.662310 45.109753 399.689758
-3.684820 39.612946 400.069397
-3.660131 41.703304 403.953491
-3.664882 39.518112 400.864502
-3.639119 39.862396 401.946289
-3.394257 40.614765 398.285034
-3.389836 42.561794 398.720062
-3.490831 40.217133 402.513947
-3.422749 41.131348 403.587555
-3.305990 44.200039 405.099335
-3.251024 42.626110 404.690857
-3.158227 42.004131 398.573944
-3.171354 44.790016 399.812317
-3.230408 39.573490 401.554291
-3.081561 41.187817 398.216919
-3.039540 44.107960 399.520996
-3.035219 45.059383 404.985321
-3.089778 41.942158 404.276703
-3.059513 39.957489 402.237640
-2.921883 43.614971 399.353973
-2.916410 43.113338 399.154541
-2.940790 39.245602 400.871307
-2.878386 39.473984 399.924866
-2.809941 40.255138 398.418671
-2.799618 43.699142 405.093048
-2.816193 40.958477 403.614807
-2.694997 44.338936 405.033386
-2.699651 42.259106 404.586029
-2.588601 45.021938 399.913574
-2.584185 39.766201 398.879730
-2.572154 41.682392 404.271820
-2.588083 39.566311 401.963715
-2.587781 40.149021 402.713348
-2.569552 40.587521 403.262787
-2.431062 41.417042 398.385773
-2.400596 40.808247 398.169922
-2.288906 43.669964 399.451141
-2.232601 41.938015 398.623322
-2.206043 44.206081 399.659210
-2.260077 39.225033 401.112061
-2.274704 39.743889 402.417633
-2.130933 44.444454 405.328583
-2.099725 43.716732 405.239471
-2.114358 42.452118 404.833954
-2.161243 40.834991 403.622711
-2.023293 43.059139 405.053253
-1.976580 39.520355 399.115692
-1.972258 39.270000 400.445831
-1.901278 42.736675 399.053680
-1.979508 40.376385 403.187622
-1.946669 39.439953 401.724823
-1.811733 41.159607 398.377319
-1.817472 40.139732 398.319305
-1.783837 44.743896 400.050171
-1.815502 39.037563 399.827728
-1.697813 45.330017 400.171326
-1.815801 39.976814 402.693787
-1.682427 43.784683 399.696533
-1.757533 41.104210 403.989380
-1.603373 40.713737 398.174286
-1.669839 41.900936 404.546417
-1.662013 39.175247 401.165100
-1.544558 44.826675 405.334167
-1.519992 39.621681 402.176239
-1.409711 43.284592 405.136353
-1.322565 41.991642 398.673553
-1.367869 44.049740 405.278656
-1.347808 39.479298 399.467987
-1.315882 39.735046 398.881958
-1.317023 42.942204 399.366577
-1.382443 40.289562 403.173828
-1.318689 39.404232 401.567810
-1.203586 44.847275 400.100922
-1.105767 41.263210 398.374725
-1.121484 39.006493 399.886810
-1.041300 45.288631 405.442078
-1.126529 39.938290 402.761871
-1.070513 39.185005 400.981049
-0.918815 40.641167 398.267120
-0.871143 39.641766 398.457428
-0.909958 44.700424 405.395996
-0.886885 44.128582 399.809509
-0.899126 39.258186 400.377533
-0.835886 41.364388 404.266876
-0.799971 42.626308 404.893768
-0.842853 39.636120 402.173920
-0.703593 43.087017 399.473938
-0.669221 42.120953 398.934753
-0.697314 39.485722 399.254547
-0.725824 43.567478 405.246063
-0.788274 40.282692 403.195038
-0.767257 40.924988 403.902313
-0.631621 45.194473 400.194794
-0.685566 39.428303 401.512573
-0.459981 41.475304 398.535492
-0.425881 39.256695 400.941742
-0.320061 40.193844 398.395966
-0.366760 39.347332 399.785339
-0.204121 40.924019 398.327484
-0.184276 39.249245 400.359589
-0.134738 43.992184 399.845764
-0.028878 43.830051 405.263184
0.024792 44.872952 400.054993
0.080134 42.007771 398.871613
0.105474 43.343052 399.557007
0.025305 39.407604 401.341766
0.162878 40.033520 398.712372
0.182538 42.423489 399.179840
0.034018 40.166271 402.900269
0.176734 39.490627 399.417084
0.114782 41.802174 404.482025
0.205705 44.418262 405.324036
0.220441 42.890678 404.955994
0.370496 39.455517 398.836517
0.459518 40.522446 398.328369
0.407964 39.301662 400.646606
0.340455 40.864246 403.696930
0.449350 39.708530 402.013306
0.667648 41.456299 398.565552
0.702237 45.050995 405.401825
0.674351 39.444084 401.175537
0.664455 41.457977 404.248474
0.813562 44.341877 399.949310
0.843710 43.399849 399.621155
0.766896 42.015678 404.604614
0.907641 42.248528 399.044922
0.862140 39.440731 399.912567
0.924075 39.691326 398.687653
0.971851 40.211658 398.367004
0.880201 40.213024 402.711060
0.945163 43.581158 405.123718
1.055398 39.391983 399.278778
1.145378 40.899918 398.416229
1.042434 42.517132 404.783325
1.234181 41.757706 398.726898
1.214911 42.765484 399.274689
1.240609 45.105114 400.085419
1.223447 44.201515 405.236115
1.186077 40.542191 403.170135
1.366931 43.707294 399.612091
1.359683 41.469662 404.133270
1.430353 39.867111 401.762482
1.417779 40.055157 402.290375
1.533856 44.837444 405.253174
1.527963 39.510277 400.766846
1.627543 39.712856 399.667328
1.734923 40.940350 398.451263
1.546884 40.998417 403.651337
1.706962 43.233025 399.427917
1.741915 42.108456 398.916748
1.630432 42.678387 404.795105
1.817860 39.933510 398.744965
1.883147 44.294415 399.873657
1.785161 42.017853 404.428864
1.905655 43.201031 404.832916
1.872139 40.453442 402.887543
1.953212 39.802731 401.463715
2.005508 45.339375 405.179169
2.014047 41.494656 403.924744
2.035944 40.174694 402.258423
2.228497 42.696278 399.097046
2.203401 43.867931 399.619476
2.141557 44.244946 405.026672
2.301505 41.627029 398.773315
2.164521 40.899055 403.411346
2.340733 44.905422 399.926514
2.511724 39.761803 399.190399
2.460278 39.758858 400.544403
2.438990 42.407764 404.456390
2.481724 43.307781 404.703552
2.620905 42.063152 398.899872
2.562010 40.109108 401.770538
2.724708 43.265003 399.289825
2.599550 41.294434 403.473114
2.806850 41.373856 398.582642
2.769503 39.933655 401.077454
2.843222 40.115292 399.623444
2.836856 42.162643 404.094086
2.899545 44.685284 404.937012
2.920014 44.007633 404.867645
2.905730 40.723812 402.574677
3.108920 40.431896 398.480316
3.069966 43.961288 399.546967
3.018381 42.827084 404.540527
3.172973 42.568775 399.049927
3.188645 44.772900 399.724701
3.122373 41.116169 403.140533
3.343743 40.628628 399.112579
3.215313 41.656033 403.589294
3.341943 45.172482 404.809540
3.316313 40.298485 401.552948
3.447736 39.915844 399.415802
3.396134 45.316463 399.949463
3.405775 40.021938 400.707062
3.468014 40.074108 400.087494
3.511641 44.547478 404.674896
3.648349 41.872540 398.746063
3.694760 42.906563 399.139862
3.726404 41.034271 398.589722
3.715906 42.381638 398.924652
3.621379 43.910007 404.518524
3.646171 42.820415 404.190643
3.838503 44.793949 399.724579
3.817502 40.563183 401.876556
3.940489 44.174255 399.487946
3.840790 41.815464 403.433350
3.854324 40.970608 402.435699
3.917216 40.371300 401.193573
3.929974 45.298672 404.639130
4.003511 40.256931 399.748932
4.044516 43.561504 399.291107
4.019296 43.391266 404.240784
4.086507 40.328747 400.538544
4.236177 41.444775 398.554504
4.164726 44.305790 404.395874
4.301498 40.481453 399.024567
4.178962 41.472363 402.899567
4.186023 42.313942 403.670868
4.411704 41.266884 402.323181
4.456620 40.704327 401.493408
4.490892 45.354755 404.487701
4.516883 43.695366 404.134979
4.625074 43.414410 399.025635
4.551445 42.020546 403.195557
4.720473 42.447536 398.736206
4.692226 40.610973 399.843384
4.777375 40.998543 399.153473
4.713502 45.285675 399.683899
4.756073 44.892662 404.261597
4.902487 41.428028 398.523071
4.888708 40.603695 400.356262
4.904663 44.697689 399.477661
4.846437 42.636517 403.475433
4.885375 44.201691 404.100189
4.876526 43.256603 403.806915
4.934015 41.221100 401.941803
5.041674 43.775707 399.060394
5.171224 41.960663 398.556976
5.122685 41.010429 401.305145
5.262323 40.892078 400.015045
5.296941 44.578041 403.844086
5.279924 41.993538 402.616760
5.406431 44.502911 399.229980
5.470932 40.834209 399.419281
5.518322 41.345356 399.024567
5.412058 43.170078 403.403290
5.451501 45.341427 403.943207
5.588900 43.017529 398.718994
5.544806 43.877163 403.651215
5.741979 42.336514 398.520477
5.755729 41.663589 398.542511
5.689167 41.229382 400.976318
5.682591 41.471462 401.578461
5.743637 42.824291 402.992889
5.870033 41.184895 399.951996
5.894233 44.916836 399.195801
5.874971 44.641369 403.601471
6.022816 43.395149 398.682587
5.985190 42.516541 402.537109
6.107867 41.721996 398.965271
6.059617 43.330151 403.046234
6.193603 43.947727 398.805695
6.203102 45.161758 403.442047
6.241165 41.466705 400.561493
6.220942 44.204227 403.231201
6.249613 41.673988 401.215363
6.298003 42.103882 401.767181
6.433181 42.115498 398.529907
6.446813 41.465214 399.898651
6.479101 45.050697 399.062714
6.464263 43.272015 402.586761
6.565945 41.765804 399.300507
6.771927 41.966656 400.807129
6.862959 43.239742 398.403412
6.964452 42.380657 398.715332
6.932833 45.362793 403.050140
7.030212 43.794060 398.551270
7.010526 44.281139 402.669586
7.145720 44.469540 398.589172
7.162251 42.103210 400.052063
7.114369 42.969002 401.687347
7.256622 43.923260 402.137024
7.315687 42.646538 400.906799
7.384458 43.436790 398.252014
7.394570 42.281765 399.381622
7.471099 42.893410 398.590149
7.418231 43.493645 401.732361
7.573486 44.978107 402.477173
7.715435 44.807945 398.365356
7.908279 43.756783 398.061981
7.893722 42.873791 400.333710
7.960377 42.704872 398.834320
7.979154 44.491680 401.776093
7.979314 43.746830 401.310822
8.232975 43.049500 398.273163
8.254618 45.210896 398.125397
8.242296 43.477951 400.614685
8.278579 43.061001 399.479095
8.415074 44.153408 397.821716
8.687025 43.670795 398.521637
8.686335 44.689907 401.070038
8.705005 43.935818 400.175934
8.735275 44.871532 397.815735
8.734361 44.527187 398.326263
8.813883 43.751141 399.336151
9.251634 44.457119 398.841888
9.278704 45.081203 397.678528
9.309634 44.831371 400.205688
9.470511 44.016052 398.088287
9.643319 44.574059 398.191956
9.765745 45.025063 399.342285
9.820340 45.106243 398.412537
